7.244359600749906152e+06	0.000000000000000000e+00
7.079457843841372989e+06	0.000000000000000000e+00
6.918309709189362824e+06	0.000000000000000000e+00
6.918309709189362824e+06	0.000000000000000000e+00
6.760829753919818439e+06	0.000000000000000000e+00
6.606934480075964704e+06	0.000000000000000000e+00
6.456542290346548893e+06	0.000000000000000000e+00
6.309573444801930338e+06	0.000000000000000000e+00
6.165950018614822067e+06	0.000000000000000000e+00
6.025595860743581317e+06	0.000000000000000000e+00
6.025595860743581317e+06	0.000000000000000000e+00
5.888436553555883467e+06	0.000000000000000000e+00
5.754399373371566646e+06	0.000000000000000000e+00
5.623413251903491095e+06	0.000000000000000000e+00
5.495408738576248288e+06	0.000000000000000000e+00
5.370317963702532463e+06	1.000000000000000021e-02
5.370317963702532463e+06	1.000000000000000021e-02
5.248074602497722954e+06	1.000000000000000021e-02
5.128613839913648553e+06	1.000000000000000021e-02
5.011872336272724904e+06	1.000000000000000021e-02
4.897788193684466183e+06	1.000000000000000021e-02
4.786300923226380721e+06	1.000000000000000021e-02
4.786300923226380721e+06	1.000000000000000021e-02
4.677351412871981040e+06	1.000000000000000021e-02
4.570881896148751490e+06	1.000000000000000021e-02
4.466835921509634703e+06	1.000000000000000021e-02
4.365158322401656769e+06	1.000000000000000021e-02
4.365158322401656769e+06	1.000000000000000021e-02
4.265795188015925698e+06	1.000000000000000021e-02
4.168693834703355096e+06	1.000000000000000021e-02
4.073802778041130397e+06	1.000000000000000021e-02
3.981071705534969456e+06	1.000000000000000021e-02
3.890451449942804873e+06	1.000000000000000021e-02
3.890451449942804873e+06	1.000000000000000021e-02
3.801893963205612730e+06	1.000000000000000021e-02
3.715352290971728042e+06	1.000000000000000021e-02
3.630780547701010015e+06	1.000000000000000021e-02
3.548133892335752957e+06	1.000000000000000021e-02
3.548133892335752957e+06	1.000000000000000021e-02
3.467368504525316879e+06	1.000000000000000021e-02
3.388441561392027419e+06	1.000000000000000021e-02
3.311311214825907722e+06	1.000000000000000021e-02
3.235936569296280853e+06	1.000000000000000021e-02
3.235936569296280853e+06	1.000000000000000021e-02
3.162277660168379545e+06	1.000000000000000021e-02
3.090295432513591833e+06	1.000000000000000021e-02
3.019951720402019098e+06	1.000000000000000021e-02
2.951209226666383911e+06	1.000000000000000021e-02
2.951209226666383911e+06	1.000000000000000021e-02
2.884031503126605880e+06	1.000000000000000021e-02
2.818382931264454965e+06	1.000000000000000021e-02
2.754228703338169027e+06	1.000000000000000021e-02
2.691534803926913999e+06	1.000000000000000021e-02
2.691534803926913999e+06	1.000000000000000021e-02
2.630267991895381361e+06	2.000000000000000042e-02
2.570395782768864650e+06	2.000000000000000042e-02
2.511886431509582326e+06	2.000000000000000042e-02
2.454708915685028769e+06	2.000000000000000042e-02
2.454708915685028769e+06	2.000000000000000042e-02
2.398832919019490015e+06	2.000000000000000042e-02
2.344228815319922753e+06	2.000000000000000042e-02
2.290867652767774649e+06	2.000000000000000042e-02
2.238721138568338007e+06	2.000000000000000042e-02
2.238721138568338007e+06	2.000000000000000042e-02
2.187761623949551955e+06	2.000000000000000042e-02
2.137962089502232615e+06	2.000000000000000042e-02
2.089296130854040850e+06	2.000000000000000042e-02
2.089296130854040850e+06	2.000000000000000042e-02
2.041737944669527467e+06	2.000000000000000042e-02
1.995262314968878869e+06	2.000000000000000042e-02
1.949844599758045515e+06	2.000000000000000042e-02
1.905460717963248258e+06	2.999999999999999889e-02
1.905460717963248258e+06	2.999999999999999889e-02
1.862087136662865523e+06	2.999999999999999889e-02
1.819700858609982533e+06	2.999999999999999889e-02
1.778279410038922913e+06	2.999999999999999889e-02
1.778279410038922913e+06	2.999999999999999889e-02
1.737800828749376349e+06	2.999999999999999889e-02
1.698243652461746009e+06	2.999999999999999889e-02
1.659586907437559683e+06	2.999999999999999889e-02
1.659586907437559683e+06	2.999999999999999889e-02
1.621810097358929925e+06	2.999999999999999889e-02
1.584893192461114144e+06	2.999999999999999889e-02
1.548816618912482634e+06	4.000000000000000083e-02
1.513561248436207185e+06	4.000000000000000083e-02
1.513561248436207185e+06	4.000000000000000083e-02
1.479108388168207137e+06	4.000000000000000083e-02
1.445439770745927934e+06	4.000000000000000083e-02
1.412537544622755377e+06	4.000000000000000083e-02
1.412537544622755377e+06	4.000000000000000083e-02
1.380384264602883719e+06	4.000000000000000083e-02
1.348962882591653382e+06	4.000000000000000083e-02
1.318256738556407392e+06	5.000000000000000278e-02
1.318256738556407392e+06	5.000000000000000278e-02
1.288249551693134941e+06	5.000000000000000278e-02
1.258925411794166081e+06	5.000000000000000278e-02
1.230268770812381059e+06	5.000000000000000278e-02
1.230268770812381059e+06	5.000000000000000278e-02
1.202264434617413208e+06	5.000000000000000278e-02
1.174897554939530324e+06	5.999999999999999778e-02
1.148153621496881824e+06	5.999999999999999778e-02
1.148153621496881824e+06	5.999999999999999778e-02
1.122018454301962862e+06	5.999999999999999778e-02
1.096478196143185021e+06	5.999999999999999778e-02
1.071519305237607099e+06	5.999999999999999778e-02
1.071519305237607099e+06	5.999999999999999778e-02
1.047128548050898477e+06	7.000000000000000666e-02
1.023292992280753679e+06	7.000000000000000666e-02
1.000000000000000000e+06	7.000000000000000666e-02
1.000000000000000000e+06	7.000000000000000666e-02
9.772372209558112081e+05	7.000000000000000666e-02
9.549925860214368440e+05	7.000000000000000666e-02
9.332543007969905157e+05	8.000000000000000167e-02
9.332543007969905157e+05	8.000000000000000167e-02
9.120108393559096148e+05	8.000000000000000167e-02
8.912509381337459199e+05	8.000000000000000167e-02
8.709635899560814723e+05	8.000000000000000167e-02
8.709635899560814723e+05	8.999999999999999667e-02
8.511380382023758721e+05	8.999999999999999667e-02
8.317637711026708130e+05	8.999999999999999667e-02
8.128305161640995648e+05	8.999999999999999667e-02
8.128305161640995648e+05	8.999999999999999667e-02
7.943282347242821706e+05	1.000000000000000056e-01
7.762471166286912048e+05	1.000000000000000056e-01
7.585775750291835284e+05	1.000000000000000056e-01
7.585775750291835284e+05	1.000000000000000056e-01
7.413102413009176962e+05	1.100000000000000006e-01
7.244359600749906385e+05	1.100000000000000006e-01
7.079457843841373688e+05	1.100000000000000006e-01
7.079457843841373688e+05	1.100000000000000006e-01
6.918309709189363057e+05	1.199999999999999956e-01
6.760829753919818904e+05	1.199999999999999956e-01
6.606934480075964238e+05	1.199999999999999956e-01
6.606934480075964238e+05	1.199999999999999956e-01
6.456542290346549125e+05	1.300000000000000044e-01
6.309573444801929872e+05	1.300000000000000044e-01
6.309573444801929872e+05	1.300000000000000044e-01
6.165950018614821602e+05	1.300000000000000044e-01
6.025595860743580852e+05	1.400000000000000133e-01
5.888436553555884166e+05	1.400000000000000133e-01
5.888436553555884166e+05	1.400000000000000133e-01
5.754399373371566180e+05	1.499999999999999944e-01
5.623413251903491328e+05	1.499999999999999944e-01
5.495408738576248288e+05	1.499999999999999944e-01
5.495408738576248288e+05	1.499999999999999944e-01
5.370317963702531997e+05	1.600000000000000033e-01
5.248074602497722954e+05	1.600000000000000033e-01
5.248074602497722954e+05	1.600000000000000033e-01
5.128613839913647971e+05	1.700000000000000122e-01
5.011872336272724788e+05	1.700000000000000122e-01
4.897788193684466532e+05	1.700000000000000122e-01
4.897788193684466532e+05	1.799999999999999933e-01
4.786300923226380255e+05	1.799999999999999933e-01
4.677351412871981156e+05	1.799999999999999933e-01
4.570881896148751839e+05	1.900000000000000022e-01
4.570881896148751839e+05	1.900000000000000022e-01
4.466835921509634936e+05	1.900000000000000022e-01
4.365158322401656187e+05	2.000000000000000111e-01
4.365158322401656187e+05	2.000000000000000111e-01
4.265795188015925814e+05	2.000000000000000111e-01
4.168693834703355096e+05	2.099999999999999922e-01
4.073802778041130514e+05	2.099999999999999922e-01
4.073802778041130514e+05	2.200000000000000011e-01
3.981071705534969224e+05	2.200000000000000011e-01
3.890451449942804757e+05	2.200000000000000011e-01
3.890451449942804757e+05	2.300000000000000100e-01
3.801893963205612381e+05	2.300000000000000100e-01
3.715352290971727925e+05	2.300000000000000100e-01
3.630780547701010364e+05	2.399999999999999911e-01
3.630780547701010364e+05	2.399999999999999911e-01
3.548133892335753189e+05	2.399999999999999911e-01
3.467368504525316530e+05	2.500000000000000000e-01
3.467368504525316530e+05	2.500000000000000000e-01
3.388441561392027652e+05	2.600000000000000089e-01
3.311311214825907955e+05	2.600000000000000089e-01
3.235936569296281086e+05	2.600000000000000089e-01
3.235936569296281086e+05	2.700000000000000178e-01
3.162277660168379080e+05	2.700000000000000178e-01
3.090295432513591950e+05	2.800000000000000266e-01
3.090295432513591950e+05	2.800000000000000266e-01
3.019951720402018982e+05	2.800000000000000266e-01
2.951209226666383911e+05	2.899999999999999800e-01
2.884031503126605530e+05	2.899999999999999800e-01
2.884031503126605530e+05	2.999999999999999889e-01
2.818382931264454965e+05	2.999999999999999889e-01
2.754228703338169144e+05	2.999999999999999889e-01
2.754228703338169144e+05	3.099999999999999978e-01
2.691534803926913883e+05	3.099999999999999978e-01
2.630267991895381710e+05	3.200000000000000067e-01
2.570395782768864592e+05	3.200000000000000067e-01
2.570395782768864592e+05	3.200000000000000067e-01
2.511886431509582035e+05	3.300000000000000155e-01
2.454708915685028478e+05	3.300000000000000155e-01
2.454708915685028478e+05	3.400000000000000244e-01
2.398832919019489782e+05	3.400000000000000244e-01
2.344228815319922578e+05	3.400000000000000244e-01
2.344228815319922578e+05	3.499999999999999778e-01
2.290867652767774707e+05	3.499999999999999778e-01
2.238721138568337774e+05	3.599999999999999867e-01
2.187761623949551722e+05	3.599999999999999867e-01
2.187761623949551722e+05	3.599999999999999867e-01
2.137962089502232557e+05	3.699999999999999956e-01
2.089296130854040966e+05	3.699999999999999956e-01
2.089296130854040966e+05	3.800000000000000044e-01
2.041737944669527351e+05	3.800000000000000044e-01
1.995262314968878927e+05	3.800000000000000044e-01
1.949844599758045515e+05	3.900000000000000133e-01
1.949844599758045515e+05	3.900000000000000133e-01
1.905460717963248317e+05	3.900000000000000133e-01
1.862087136662865523e+05	4.000000000000000222e-01
1.862087136662865523e+05	4.000000000000000222e-01
1.819700858609982533e+05	4.099999999999999756e-01
1.778279410038922797e+05	4.099999999999999756e-01
1.778279410038922797e+05	4.099999999999999756e-01
1.737800828749376233e+05	4.199999999999999845e-01
1.698243652461745951e+05	4.199999999999999845e-01
1.698243652461745951e+05	4.199999999999999845e-01
1.659586907437559566e+05	4.299999999999999933e-01
1.621810097358929925e+05	4.299999999999999933e-01
1.584893192461114086e+05	4.400000000000000022e-01
1.584893192461114086e+05	4.400000000000000022e-01
1.548816618912482809e+05	4.400000000000000022e-01
1.513561248436207243e+05	4.500000000000000111e-01
1.513561248436207243e+05	4.500000000000000111e-01
1.479108388168207312e+05	4.500000000000000111e-01
1.445439770745928108e+05	4.600000000000000200e-01
1.445439770745928108e+05	4.600000000000000200e-01
1.412537544622755377e+05	4.600000000000000200e-01
1.380384264602883777e+05	4.699999999999999734e-01
1.348962882591653324e+05	4.699999999999999734e-01
1.348962882591653324e+05	4.699999999999999734e-01
1.318256738556407508e+05	4.799999999999999822e-01
1.288249551693134854e+05	4.799999999999999822e-01
1.288249551693134854e+05	4.799999999999999822e-01
1.258925411794166139e+05	4.899999999999999911e-01
1.230268770812381117e+05	4.899999999999999911e-01
1.230268770812381117e+05	4.899999999999999911e-01
1.202264434617413062e+05	5.000000000000000000e-01
1.174897554939530382e+05	5.000000000000000000e-01
1.174897554939530382e+05	5.000000000000000000e-01
1.148153621496881678e+05	5.000000000000000000e-01
1.122018454301962920e+05	5.100000000000000089e-01
1.122018454301962920e+05	5.100000000000000089e-01
1.096478196143185050e+05	5.100000000000000089e-01
1.071519305237607041e+05	5.200000000000000178e-01
1.047128548050898535e+05	5.200000000000000178e-01
1.047128548050898535e+05	5.200000000000000178e-01
1.023292992280753679e+05	5.300000000000000266e-01
1.000000000000000000e+05	5.300000000000000266e-01
1.000000000000000000e+05	5.300000000000000266e-01
9.772372209558112081e+04	5.300000000000000266e-01
9.549925860214368731e+04	5.400000000000000355e-01
9.549925860214368731e+04	5.400000000000000355e-01
9.332543007969905739e+04	5.400000000000000355e-01
9.120108393559097021e+04	5.500000000000000444e-01
9.120108393559097021e+04	5.500000000000000444e-01
8.912509381337459490e+04	5.500000000000000444e-01
8.709635899560814141e+04	5.500000000000000444e-01
8.709635899560814141e+04	5.600000000000000533e-01
8.511380382023759012e+04	5.600000000000000533e-01
8.317637711026708712e+04	5.600000000000000533e-01
8.317637711026708712e+04	5.699999999999999512e-01
8.128305161640995357e+04	5.699999999999999512e-01
7.943282347242820833e+04	5.699999999999999512e-01
7.943282347242820833e+04	5.699999999999999512e-01
7.762471166286911466e+04	5.699999999999999512e-01
7.585775750291836448e+04	5.799999999999999600e-01
7.413102413009176962e+04	5.799999999999999600e-01
7.413102413009176962e+04	5.799999999999999600e-01
7.244359600749905803e+04	5.799999999999999600e-01
7.079457843841373688e+04	5.899999999999999689e-01
7.079457843841373688e+04	5.899999999999999689e-01
6.918309709189362184e+04	5.899999999999999689e-01
6.760829753919818904e+04	5.899999999999999689e-01
6.760829753919818904e+04	5.899999999999999689e-01
6.606934480075964530e+04	5.999999999999999778e-01
6.456542290346549271e+04	5.999999999999999778e-01
6.456542290346549271e+04	5.999999999999999778e-01
6.309573444801929872e+04	5.999999999999999778e-01
6.165950018614822329e+04	5.999999999999999778e-01
6.165950018614822329e+04	5.999999999999999778e-01
6.025595860743580852e+04	6.099999999999999867e-01
5.888436553555884166e+04	6.099999999999999867e-01
5.888436553555884166e+04	6.099999999999999867e-01
5.754399373371566617e+04	6.099999999999999867e-01
5.623413251903490891e+04	6.099999999999999867e-01
5.623413251903490891e+04	6.099999999999999867e-01
5.495408738576248288e+04	6.099999999999999867e-01
5.370317963702532870e+04	6.099999999999999867e-01
5.370317963702532870e+04	6.099999999999999867e-01
5.248074602497722663e+04	6.099999999999999867e-01
5.128613839913647826e+04	6.099999999999999867e-01
5.128613839913647826e+04	6.099999999999999867e-01
5.011872336272725079e+04	6.099999999999999867e-01
4.897788193684466387e+04	6.099999999999999867e-01
4.897788193684466387e+04	6.099999999999999867e-01
4.786300923226380110e+04	6.099999999999999867e-01
4.677351412871981302e+04	6.099999999999999867e-01
4.677351412871981302e+04	6.099999999999999867e-01
4.570881896148751548e+04	6.099999999999999867e-01
4.466835921509634500e+04	6.099999999999999867e-01
4.466835921509634500e+04	6.099999999999999867e-01
4.365158322401656187e+04	6.099999999999999867e-01
4.265795188015925669e+04	6.099999999999999867e-01
4.265795188015925669e+04	6.099999999999999867e-01
4.168693834703355242e+04	6.099999999999999867e-01
4.073802778041130659e+04	6.099999999999999867e-01
4.073802778041130659e+04	6.099999999999999867e-01
3.981071705534969078e+04	6.099999999999999867e-01
3.890451449942804902e+04	6.099999999999999867e-01
3.890451449942804902e+04	5.999999999999999778e-01
3.801893963205612818e+04	5.999999999999999778e-01
3.715352290971727780e+04	5.999999999999999778e-01
3.715352290971727780e+04	5.999999999999999778e-01
3.630780547701010073e+04	5.999999999999999778e-01
3.548133892335752898e+04	5.999999999999999778e-01
3.548133892335752898e+04	5.899999999999999689e-01
3.467368504525316530e+04	5.899999999999999689e-01
3.388441561392027506e+04	5.899999999999999689e-01
3.388441561392027506e+04	5.899999999999999689e-01
3.311311214825907518e+04	5.899999999999999689e-01
3.235936569296280868e+04	5.899999999999999689e-01
3.235936569296280868e+04	5.799999999999999600e-01
3.162277660168379225e+04	5.799999999999999600e-01
3.090295432513592095e+04	5.799999999999999600e-01
3.090295432513592095e+04	5.799999999999999600e-01
3.019951720402019055e+04	5.699999999999999512e-01
2.951209226666383984e+04	5.699999999999999512e-01
2.951209226666383984e+04	5.699999999999999512e-01
2.884031503126605821e+04	5.699999999999999512e-01
2.884031503126605821e+04	5.699999999999999512e-01
2.818382931264454965e+04	5.600000000000000533e-01
2.754228703338168998e+04	5.600000000000000533e-01
2.754228703338168998e+04	5.600000000000000533e-01
2.691534803926913810e+04	5.600000000000000533e-01
2.630267991895381419e+04	5.500000000000000444e-01
2.630267991895381419e+04	5.500000000000000444e-01
2.570395782768864592e+04	5.500000000000000444e-01
2.511886431509582326e+04	5.500000000000000444e-01
2.511886431509582326e+04	5.400000000000000355e-01
2.454708915685028478e+04	5.400000000000000355e-01
2.398832919019489782e+04	5.400000000000000355e-01
2.398832919019489782e+04	5.300000000000000266e-01
2.344228815319922796e+04	5.300000000000000266e-01
2.290867652767774780e+04	5.300000000000000266e-01
2.290867652767774780e+04	5.200000000000000178e-01
2.238721138568337847e+04	5.200000000000000178e-01
2.187761623949551722e+04	5.200000000000000178e-01
2.187761623949551722e+04	5.100000000000000089e-01
2.137962089502232266e+04	5.100000000000000089e-01
2.137962089502232266e+04	5.100000000000000089e-01
2.089296130854040894e+04	5.000000000000000000e-01
2.041737944669527496e+04	5.000000000000000000e-01
2.041737944669527496e+04	5.000000000000000000e-01
1.995262314968878854e+04	4.899999999999999911e-01
1.949844599758045661e+04	4.899999999999999911e-01
1.949844599758045661e+04	4.899999999999999911e-01
1.905460717963248317e+04	4.799999999999999822e-01
1.862087136662865669e+04	4.799999999999999822e-01
1.862087136662865669e+04	4.799999999999999822e-01
1.819700858609982606e+04	4.699999999999999734e-01
1.778279410038922651e+04	4.699999999999999734e-01
1.778279410038922651e+04	4.600000000000000200e-01
1.737800828749376160e+04	4.600000000000000200e-01
1.698243652461746024e+04	4.600000000000000200e-01
1.698243652461746024e+04	4.500000000000000111e-01
1.659586907437559785e+04	4.500000000000000111e-01
1.659586907437559785e+04	4.500000000000000111e-01
1.621810097358929852e+04	4.400000000000000022e-01
1.584893192461114086e+04	4.400000000000000022e-01
1.584893192461114086e+04	4.299999999999999933e-01
1.548816618912482772e+04	4.299999999999999933e-01
1.513561248436207097e+04	4.299999999999999933e-01
1.513561248436207097e+04	4.199999999999999845e-01
1.479108388168207239e+04	4.199999999999999845e-01
1.445439770745928035e+04	4.199999999999999845e-01
1.445439770745928035e+04	4.099999999999999756e-01
1.412537544622755377e+04	4.099999999999999756e-01
1.412537544622755377e+04	4.099999999999999756e-01
1.380384264602883741e+04	4.000000000000000222e-01
1.348962882591653215e+04	4.000000000000000222e-01
1.348962882591653215e+04	4.000000000000000222e-01
1.318256738556407436e+04	4.000000000000000222e-01
1.288249551693134890e+04	3.900000000000000133e-01
1.288249551693134890e+04	3.900000000000000133e-01
1.258925411794166212e+04	3.900000000000000133e-01
1.230268770812381081e+04	3.800000000000000044e-01
1.230268770812381081e+04	3.800000000000000044e-01
1.202264434617413099e+04	3.800000000000000044e-01
1.202264434617413099e+04	3.699999999999999956e-01
1.174897554939530346e+04	3.699999999999999956e-01
1.148153621496881715e+04	3.699999999999999956e-01
1.148153621496881715e+04	3.599999999999999867e-01
1.122018454301962993e+04	3.599999999999999867e-01
1.096478196143185050e+04	3.599999999999999867e-01
1.096478196143185050e+04	3.499999999999999778e-01
1.071519305237607114e+04	3.499999999999999778e-01
1.071519305237607114e+04	3.499999999999999778e-01
1.047128548050898462e+04	3.499999999999999778e-01
1.023292992280753606e+04	3.400000000000000244e-01
1.023292992280753606e+04	3.400000000000000244e-01
1.000000000000000000e+04	3.400000000000000244e-01
9.772372209558112445e+03	3.300000000000000155e-01
9.772372209558112445e+03	3.300000000000000155e-01
9.549925860214360000e+03	3.300000000000000155e-01
9.332543007969914470e+03	3.200000000000000067e-01
9.332543007969914470e+03	3.200000000000000067e-01
9.120108393559095930e+03	3.200000000000000067e-01
9.120108393559095930e+03	3.099999999999999978e-01
8.912509381337458763e+03	3.099999999999999978e-01
8.709635899560806138e+03	3.099999999999999978e-01
8.709635899560806138e+03	2.999999999999999889e-01
8.511380382023768107e+03	2.999999999999999889e-01
8.317637711026709439e+03	2.999999999999999889e-01
8.317637711026709439e+03	2.899999999999999800e-01
8.128305161640994811e+03	2.899999999999999800e-01
8.128305161640994811e+03	2.899999999999999800e-01
7.943282347242813557e+03	2.800000000000000266e-01
7.762471166286919470e+03	2.800000000000000266e-01
7.762471166286919470e+03	2.800000000000000266e-01
7.585775750291835720e+03	2.700000000000000178e-01
7.585775750291835720e+03	2.700000000000000178e-01
7.413102413009177326e+03	2.700000000000000178e-01
7.244359600749898163e+03	2.600000000000000089e-01
7.244359600749898163e+03	2.600000000000000089e-01
7.079457843841380964e+03	2.600000000000000089e-01
6.918309709189362366e+03	2.500000000000000000e-01
6.918309709189362366e+03	2.500000000000000000e-01
6.760829753919819268e+03	2.500000000000000000e-01
6.760829753919819268e+03	2.500000000000000000e-01
6.606934480075957254e+03	2.399999999999999911e-01
6.456542290346556001e+03	2.399999999999999911e-01
6.456542290346556001e+03	2.399999999999999911e-01
6.309573444801930236e+03	2.300000000000000100e-01
6.165950018614822511e+03	2.300000000000000100e-01
6.165950018614822511e+03	2.300000000000000100e-01
6.025595860743575031e+03	2.200000000000000011e-01
6.025595860743575031e+03	2.200000000000000011e-01
5.888436553555889986e+03	2.200000000000000011e-01
5.754399373371566071e+03	2.200000000000000011e-01
5.754399373371566071e+03	2.099999999999999922e-01
5.623413251903491073e+03	2.099999999999999922e-01
5.623413251903491073e+03	2.099999999999999922e-01
5.495408738576248652e+03	2.099999999999999922e-01
5.370317963702526868e+03	2.000000000000000111e-01
5.370317963702526868e+03	2.000000000000000111e-01
5.248074602497727938e+03	2.000000000000000111e-01
5.128613839913648007e+03	2.000000000000000111e-01
5.128613839913648007e+03	2.000000000000000111e-01
5.011872336272725079e+03	1.900000000000000022e-01
5.011872336272725079e+03	1.900000000000000022e-01
4.897788193684461476e+03	1.900000000000000022e-01
4.786300923226384839e+03	1.900000000000000022e-01
4.786300923226384839e+03	1.900000000000000022e-01
4.677351412871980756e+03	1.799999999999999933e-01
4.677351412871980756e+03	1.799999999999999933e-01
4.570881896148751366e+03	1.799999999999999933e-01
4.466835921509630680e+03	1.799999999999999933e-01
4.466835921509630680e+03	1.799999999999999933e-01
4.365158322401661280e+03	1.700000000000000122e-01
4.365158322401661280e+03	1.700000000000000122e-01
4.265795188015925305e+03	1.700000000000000122e-01
4.168693834703354696e+03	1.700000000000000122e-01
4.168693834703354696e+03	1.700000000000000122e-01
4.073802778041126203e+03	1.700000000000000122e-01
4.073802778041126203e+03	1.600000000000000033e-01
3.981071705534973262e+03	1.600000000000000033e-01
3.890451449942804629e+03	1.600000000000000033e-01
3.890451449942804629e+03	1.600000000000000033e-01
3.801893963205612636e+03	1.600000000000000033e-01
3.801893963205612636e+03	1.600000000000000033e-01
3.715352290971723960e+03	1.499999999999999944e-01
3.630780547701013802e+03	1.499999999999999944e-01
3.630780547701013802e+03	1.499999999999999944e-01
3.548133892335752989e+03	1.499999999999999944e-01
3.548133892335752989e+03	1.499999999999999944e-01
3.467368504525316894e+03	1.499999999999999944e-01
3.388441561392024141e+03	1.499999999999999944e-01
3.388441561392024141e+03	1.400000000000000133e-01
3.311311214825911065e+03	1.400000000000000133e-01
3.311311214825911065e+03	1.400000000000000133e-01
3.235936569296281050e+03	1.400000000000000133e-01
3.162277660168379498e+03	1.400000000000000133e-01
3.162277660168379498e+03	1.400000000000000133e-01
3.090295432513592004e+03	1.400000000000000133e-01
3.090295432513592004e+03	1.300000000000000044e-01
3.019951720402016235e+03	1.300000000000000044e-01
2.951209226666387167e+03	1.300000000000000044e-01
2.951209226666387167e+03	1.300000000000000044e-01
2.884031503126605912e+03	1.300000000000000044e-01
2.884031503126605912e+03	1.300000000000000044e-01
2.818382931264454783e+03	1.300000000000000044e-01
2.754228703338166270e+03	1.199999999999999956e-01
2.754228703338166270e+03	1.199999999999999956e-01
2.691534803926916538e+03	1.199999999999999956e-01
2.691534803926916538e+03	1.199999999999999956e-01
2.630267991895381329e+03	1.199999999999999956e-01
2.570395782768864592e+03	1.199999999999999956e-01
2.552701302661247155e+03	1.156999999999999973e-01
2.517676927758854163e+03	1.145000000000000046e-01
2.483133105295570203e+03	1.131999999999999951e-01
2.449063241844744425e+03	1.120000000000000023e-01
2.415460834444940247e+03	1.108999999999999986e-01
2.382319469358688821e+03	1.096000000000000030e-01
2.349632820848307347e+03	1.083999999999999964e-01
2.317394649968479825e+03	1.074999999999999983e-01
2.290867652767772597e+03	1.063999999999999946e-01
2.259435770220978156e+03	1.052000000000000018e-01
2.228435149270303100e+03	1.039999999999999952e-01
2.197859872784825257e+03	1.029000000000000054e-01
2.167704104819693839e+03	1.018000000000000016e-01
2.137962089502232629e+03	1.006999999999999978e-01
2.108628149933288569e+03	9.969999999999999696e-02
2.079696687103696149e+03	9.869999999999999607e-02
2.051162178825564752e+03	9.760000000000000620e-02
2.023019178678271828e+03	9.660000000000000531e-02
1.995262314968878854e+03	9.539999999999999869e-02
1.972422736114853478e+03	9.439999999999999780e-02
1.945360081622663301e+03	9.329999999999999405e-02
1.918668740670289026e+03	9.229999999999999316e-02
1.892343618644976004e+03	9.120000000000000329e-02
1.866379690834669418e+03	9.009999999999999953e-02
1.840772001468956432e+03	8.899999999999999578e-02
1.815515662773135091e+03	8.790000000000000591e-02
1.790605854035294669e+03	8.669999999999999929e-02
1.766037820686163968e+03	8.569999999999999840e-02
1.741806873391614545e+03	8.469999999999999751e-02
1.721868574986007843e+03	8.369999999999999662e-02
1.698243652461744205e+03	8.269999999999999574e-02
1.674942876026438171e+03	8.169999999999999485e-02
1.651961798229014903e+03	8.069999999999999396e-02
1.629296032639723080e+03	7.979999999999999594e-02
1.606941253012877269e+03	7.900000000000000078e-02
1.584893192461114040e+03	7.799999999999999989e-02
1.563147642640953791e+03	7.710000000000000187e-02
1.545254439538414090e+03	7.620000000000000384e-02
1.524052753797290734e+03	7.520000000000000295e-02
1.503141966090022379e+03	7.420000000000000207e-02
1.482518085145952909e+03	7.340000000000000691e-02
1.462177174456718376e+03	7.259999999999999787e-02
1.442115351524868174e+03	7.180000000000000271e-02
1.422328787122819904e+03	7.099999999999999367e-02
1.406047524129914336e+03	7.009999999999999565e-02
1.386755828871888070e+03	6.909999999999999476e-02
1.367728825595849457e+03	6.829999999999999960e-02
1.348962882591653170e+03	6.750000000000000444e-02
1.330454417978091442e+03	6.669999999999999540e-02
1.312199899019202803e+03	6.579999999999999738e-02
1.297179270983955803e+03	6.500000000000000222e-02
1.279381304157525165e+03	6.419999999999999318e-02
1.261827534590670666e+03	6.339999999999999802e-02
1.244514611771385717e+03	6.260000000000000286e-02
1.227439231158407210e+03	6.180000000000000077e-02
1.210598133550482999e+03	6.110000000000000153e-02
1.193988104464273192e+03	6.029999999999999943e-02
1.180320635651729845e+03	5.960000000000000020e-02
1.164126029410490901e+03	5.890000000000000097e-02
1.148153621496882806e+03	5.809999999999999887e-02
1.132400363235556597e+03	5.739999999999999963e-02
1.116863247780561096e+03	5.680000000000000326e-02
1.101539309541414468e+03	5.609999999999999709e-02
1.088930093333433206e+03	5.539999999999999786e-02
1.073989412341245043e+03	5.469999999999999862e-02
1.059253725177288743e+03	5.410000000000000225e-02
1.044720219220800345e+03	5.360000000000000181e-02
1.030386120441615958e+03	5.299999999999999850e-02
1.016248692870695891e+03	5.249999999999999806e-02
1.004615790278394684e+03	5.190000000000000169e-02
9.908319448927675239e+02	5.140000000000000124e-02
9.772372209558111535e+02	5.090000000000000080e-02
9.638290236239705564e+02	5.029999999999999749e-02
9.506047936562819132e+02	4.979999999999999705e-02
9.375620069258801550e+02	4.929999999999999660e-02
9.268298233793494774e+02	4.870000000000000023e-02
9.141132414702499318e+02	4.809999999999999692e-02
9.015711376059570057e+02	4.750000000000000056e-02
8.892011178579481339e+02	4.680000000000000132e-02
8.770008211436348802e+02	4.619999999999999801e-02
8.669618757582169337e+02	4.560000000000000164e-02
8.550667128846831702e+02	4.499999999999999833e-02
8.433347577642756505e+02	4.449999999999999789e-02
8.317637711026708303e+02	4.399999999999999745e-02
8.203515443298184664e+02	4.349999999999999700e-02
8.090958991783821830e+02	4.299999999999999656e-02
7.998342550070284460e+02	4.259999999999999898e-02
7.888601176185539998e+02	4.209999999999999853e-02
7.780365510398040669e+02	4.170000000000000095e-02
7.673614893618185988e+02	4.130000000000000338e-02
7.568328950209744335e+02	4.080000000000000293e-02
7.464487584100669437e+02	4.050000000000000128e-02
7.379042301291007107e+02	4.009999999999999676e-02
7.277798045368242583e+02	3.969999999999999918e-02
7.177942912713615442e+02	3.930000000000000160e-02
7.079457843841380509e+02	3.889999999999999708e-02
6.982324040771711680e+02	3.849999999999999950e-02
6.886522963442762375e+02	3.819999999999999785e-02
6.807693586937417649e+02	3.780000000000000027e-02
6.714288529259522420e+02	3.729999999999999982e-02
6.622165037017622353e+02	3.690000000000000224e-02
6.531305526474723138e+02	3.660000000000000059e-02
6.441692655151774716e+02	3.620000000000000301e-02
6.353309318517435713e+02	3.579999999999999849e-02
6.266138646723355805e+02	3.540000000000000091e-02
6.194410750767812033e+02	3.500000000000000333e-02
6.109420249055721115e+02	3.450000000000000289e-02
6.025595860743575258e+02	3.400000000000000244e-02
5.942921586155727027e+02	3.350000000000000200e-02
5.861381645140285173e+02	3.300000000000000155e-02
5.780960474057180818e+02	3.250000000000000111e-02
5.701642722807472410e+02	3.200000000000000067e-02
5.636376558259543117e+02	3.160000000000000309e-02
5.559042572704037184e+02	3.099999999999999978e-02
5.482769649208536293e+02	3.049999999999999933e-02
5.407543229455809524e+02	2.999999999999999889e-02
5.333348954876207699e+02	2.949999999999999845e-02
5.260172663907062542e+02	2.910000000000000087e-02
5.188000389289609302e+02	2.869999999999999982e-02
5.128613839913648462e+02	2.819999999999999937e-02
5.058246620031142697e+02	2.769999999999999893e-02
4.988844874600121670e+02	2.719999999999999848e-02
4.920395356814511274e+02	2.670000000000000151e-02
4.852885001621209540e+02	2.620000000000000107e-02
4.786300923226385180e+02	2.570000000000000062e-02
4.720630412635904349e+02	2.520000000000000018e-02
4.655860935229591178e+02	2.460000000000000034e-02
4.591980128368685428e+02	2.409999999999999989e-02
4.539416166502032297e+02	2.359999999999999945e-02
4.477133041763623282e+02	2.309999999999999901e-02
4.415704473533125451e+02	2.249999999999999917e-02
4.355118736855683323e+02	2.199999999999999872e-02
4.295364267648872669e+02	2.149999999999999828e-02
4.236429660495409166e+02	2.089999999999999844e-02
4.178303666466217692e+02	2.040000000000000147e-02
4.120975190973304052e+02	1.990000000000000102e-02
4.064433291652127309e+02	1.940000000000000058e-02
4.008667176273029895e+02	1.899999999999999953e-02
3.953666200681278724e+02	1.849999999999999908e-02
3.899419866765435927e+02	1.789999999999999925e-02
3.854783576657716822e+02	1.739999999999999880e-02
3.801893963205612863e+02	1.689999999999999836e-02
3.749730022454833716e+02	1.650000000000000078e-02
3.698281797802662823e+02	1.609999999999999973e-02
3.647539469256076359e+02	1.569999999999999868e-02
3.597493351557423580e+02	1.529999999999999936e-02
3.548133892335753217e+02	1.490000000000000005e-02
3.499451670283573321e+02	1.450000000000000074e-02
3.451437393358560826e+02	1.409999999999999969e-02
3.404081897010008788e+02	1.370000000000000037e-02
3.357376142429545212e+02	1.329999999999999932e-02
3.311311214825910838e+02	1.290000000000000001e-02
3.265878321723356521e+02	1.260000000000000009e-02
3.221068791283434507e+02	1.220000000000000077e-02
3.176874070649769237e+02	1.190000000000000085e-02
3.133285724315585412e+02	1.159999999999999920e-02
3.090295432513592004e+02	1.129999999999999928e-02
3.047894989627982909e+02	1.099999999999999936e-02
3.006076302628231929e+02	1.060000000000000005e-02
2.964831389524342171e+02	1.020000000000000073e-02
2.924152377843336694e+02	9.900000000000000813e-03
2.884031503126605571e+02	9.599999999999999159e-03
2.844461107447916675e+02	9.199999999999999845e-03
2.805433637951713308e+02	8.899999999999999925e-03
2.766941645411512809e+02	8.600000000000000006e-03
2.722701308077912472e+02	8.300000000000000086e-03
2.685344445658506061e+02	8.000000000000000167e-03
2.648500138606701171e+02	7.799999999999999642e-03
2.612161354399205493e+02	7.499999999999999722e-03
2.576321157002575433e+02	7.199999999999999803e-03
2.540972705549303896e+02	7.100000000000000408e-03
2.506109253032113884e+02	6.899999999999999883e-03
2.471724145016129057e+02	6.700000000000000226e-03
2.437810818368752450e+02	6.599999999999999964e-03
2.404362800006932162e+02	6.499999999999999702e-03
2.365919697485758775e+02	6.400000000000000307e-03
2.333458062281002015e+02	6.199999999999999782e-03
2.301441817408508825e+02	6.199999999999999782e-03
2.269864851883821188e+02	6.100000000000000387e-03
2.238721138568340052e+02	6.100000000000000387e-03
2.208004733018899231e+02	6.000000000000000125e-03
2.172701178863745497e+02	5.899999999999999863e-03
2.142890601120058420e+02	5.799999999999999600e-03
2.113489039836647692e+02	5.700000000000000205e-03
2.084490883097288645e+02	5.499999999999999681e-03
2.055890595984142522e+02	5.499999999999999681e-03
