389.0446407	-0.001792251
398.1066462	-0.00015717
407.3797319	0.001347079
416.8688162	0.00124577
426.5789285	0.002063156
436.5152191	0.002976957
446.6829545	0.003850129
457.0875276	0.004641971
467.7344531	0.005161741
478.6293782	0.006108677
489.7780773	0.007269443
501.1864627	0.008326341
512.8605845	0.009181254
524.8066301	0.009628437
537.0309357	0.01073699
549.5399805	0.011329501
562.3403994	0.012978566
575.4389767	0.014064005
588.8426602	0.014888675
602.5585538	0.015470082
616.5939328	0.016596401
630.956236	0.017571397
645.6530813	0.018439475
660.6922583	0.019637201
676.0817425	0.020806106
691.8296949	0.021274125
707.9444624	0.022408864
724.4345923	0.023432473
741.3088246	0.024653966
758.5761096	0.025649829
776.2455991	0.026840873
794.3266654	0.027654616
812.8288916	0.028933417
831.7620915	0.029900268
851.1362998	0.030875143
870.9617931	0.031827517
891.2490789	0.033285446
912.0089158	0.034101933
933.2523131	0.035067972
954.99053	0.036105789
977.2350968	0.03697408
999.9978033	0.037856974
1023.290723	0.038835321
1047.126202	0.040372688
1071.516882	0.041585036
1096.475692	0.043062661
1122.015868	0.044176504
1148.150949	0.045007449
1174.894796	0.046995021
1202.261583	0.047844432
1230.265825	0.049249735
1258.922371	0.050521635
1288.24641	0.051789593
1318.253497	0.052970588
1348.959534	0.054585084
1380.38081	0.056142539
1412.533977	0.05774707
1445.43609	0.059320759
1479.104587	0.060824953
1513.557328	0.062715724
1548.812571	0.063815162
1584.889018	0.06558653
1621.805788	0.067300789
1659.582463	0.069243684
1698.239066	0.070687152
1737.796095	0.072875358
1778.274529	0.074284106
1819.695822	0.07609494
1862.081944	0.077852339
1905.455361	0.080069177
1949.839077	0.082100309
1995.256618	0.08375328
2041.732073	0.086110115
2089.290074	0.088241547
2137.955847	0.090239383
2187.755186	0.09248589
2238.714504	0.094473168
2290.860811	0.096609995
2344.22176	0.098859988
2398.82565	0.101567119
2454.701421	0.103862666
2511.87871	0.106039867
2570.387822	0.108704306
2630.259792	0.111276351
2691.526351	0.113759845
2754.219996	0.116598472
2818.373956	0.119464755
2884.022259	0.122004449
2951.1997	0.124735042
3019.941909	0.127488256
3090.285321	0.130160615
3162.26724	0.133228704
3235.92584	0.135865688
3311.300159	0.139133155
3388.430178	0.142357722
3467.356776	0.145688623
3548.121817	0.148739368
3630.768108	0.152247891
3715.339484	0.15530616
3801.880771	0.158117935
3890.437869	0.16185692
3981.057717	0.165432289
4073.788379	0.169125959
4168.679005	0.172741011
4265.779924	0.176365763
4365.142602	0.180457562
4466.819733	0.184061199
4570.865235	0.187864318
4677.334256	0.191988006
4786.283268	0.196350664
4897.770014	0.200136617
5011.85363	0.204007059
5128.594579	0.208426058
5248.054785	0.213120878
5370.29756	0.217541888
5495.387746	0.221748278
5623.391641	0.226438105
5754.37714	0.230719283
5888.413667	0.235597193
6025.572302	0.239724874
6165.925783	0.244495511
6309.5485	0.249558568
6456.51663	0.253908485
6606.90807	0.258676887
6760.802589	0.263606817
6918.281752	0.267935753
7079.429089	0.27347362
7244.330009	0.277392
7413.071979	0.282194406
7585.744432	0.287059695
7762.438958	0.292012632
7943.249206	0.296326637
8128.271061	0.300534457
8317.602644	0.305262595
8511.344302	0.309949011
8709.598798	0.313817143
8912.471211	0.318115234
9120.069145	0.32258004
9332.50263	0.326836467
9549.884344	0.330829352
9772.329501	0.335038036
9999.95609	0.339099199
10232.89039	0.342950732
10471.25052	0.347075135
10715.16293	0.350851685
10964.75692	0.35520032
11220.16483	0.359362453
11481.5221	0.362865001
11748.9673	0.366708219
12022.64224	0.370540977
12302.69204	0.374596089
12589.26516	0.378459126
12882.51361	0.382485926
13182.59285	0.385970443
13489.662	0.390316516
13803.88387	0.39375174
14125.42508	0.397730649
14454.45612	0.40182054
14791.15145	0.405124158
15135.68961	0.409141392
15488.25324	0.413177848
15849.02936	0.416954279
16218.20923	0.420930266
16595.98861	0.42470026
16982.5678	0.428005785
17378.15178	0.43227759
17782.95031	0.435271084
18197.17803	0.440072179
18621.05453	0.443620116
19054.80466	0.447309077
19498.65836	0.451486677
19952.85098	0.455550104
20417.62335	0.459289223
20893.22191	0.462965369
21379.89884	0.467238039
21877.9122	0.471308202
22387.52604	0.4758856
22909.01054	0.480389118
23442.6423	0.484561265
23988.70424	0.489011675
24547.48589	0.493683875
25119.28353	0.497647524
25704.40036	0.50215441
26303.14663	0.506867468
26915.83981	0.510821164
27542.80472	0.514985442
28184.37392	0.519462705
28840.88753	0.523428202
29512.69367	0.526791394
30200.14854	0.530755162
30903.61666	0.533901989
31623.47104	0.537015975
32360.09337	0.540035605
33113.87423	0.542602956
33885.21324	0.54503727
34674.51953	0.546387196
35482.21156	0.5488289
36308.71758	0.54992485
37154.47585	0.551398754
38019.93482	0.552500188
38905.55338	0.552544951
39811.80113	0.552499056
40739.15849	0.55290097
41688.11738	0.552520633
42659.18087	0.551622033
43652.86386	0.550608754
44669.69323	0.54949075
45710.20816	0.548336565
46774.96035	0.546363115
47864.51438	0.54458499
48979.44785	0.5428496
50120.35218	0.540430307
51287.8322	0.537950218
52482.50696	0.535281181
53705.0099	0.532360792
54955.98926	0.529777527
56236.10835	0.526852727
57546.04593	0.52318567
58886.49658	0.520323634
60258.17093	0.516883075
61661.79655	0.513414741
63098.11757	0.509430349
64567.89559	0.506619275
66071.90992	0.503381431
67610.95806	0.499225795
69185.85606	0.495739013
70797.43901	0.492008358
72446.56124	0.48836422
74134.09752	0.484254241
75860.94248	0.480438948
77628.01176	0.476678729
79436.24233	0.47274217
81286.59297	0.469235599
83180.04481	0.465021312
85117.60184	0.461332262
87100.29141	0.457303762
89129.16461	0.453379601
91205.29765	0.449077904
93329.79115	0.445627898
95503.77162	0.44174397
97728.39176	0.437703937
100004.8312	0.43377471
102334.2969	0.429661453
104718.0241	0.42590782
107157.2765	0.421998471
109653.3479	0.41803965
112207.5617	0.414232582
114821.2721	0.410166442
117495.865	0.406086922
120232.7587	0.402219296
123033.4043	0.398086458
125899.2868	0.394315273
128831.9259	0.390476972
131832.8761	0.386301279
134903.7294	0.382442147
138046.1138	0.37818864
141261.6953	0.374358922
144552.1791	0.370641738
147919.3099	0.366389006
151364.8731	0.362700462
154890.6955	0.358856738
158498.6465	0.354802579
162190.6398	0.350625843
165968.6326	0.346793354
169834.6283	0.343208969
173790.6766	0.339388847
177838.8753	0.335411817
181981.3708	0.331593156
186220.3596	0.327914417
190558.0895	0.324335396
194996.86	0.320552766
199539.0255	0.316972435
204186.9942	0.313718945
208943.2304	0.309793472
213810.2562	0.306148142
218790.6523	0.302684098
223887.0593	0.29937759
229102.1796	0.296152949
234438.778	0.292869538
239899.6852	0.289599121
245487.7961	0.286140233
251206.0739	0.283427179
257057.5506	0.280155718
263045.3288	0.27737838
269172.5836	0.274905115
275442.5637	0.271996051
281858.5939	0.269057602
288424.0753	0.266699821
295142.4907	0.264330745
302017.4017	0.261784941
309052.4537	0.259535193
316251.3769	0.257429838
323617.9884	0.255361497
331156.1943	0.253502935
338869.9917	0.251319617
346763.4698	0.249133378
354840.8158	0.247435227
363106.3116	0.245440871
371564.34	0.243996978
380219.3858	0.242337584
389076.0382	0.240333796
398138.9933	0.238796711
407413.0566	0.237347871
416903.1456	0.235567242
426614.2914	0.234274983
436551.6449	0.232791677
446720.4746	0.231295258
457126.1722	0.229815587
467774.2553	0.22849606
478670.3698	0.227024987
489820.2933	0.225582838
501229.9379	0.224287912
512905.3522	0.222662568
524852.7294	0.221292913
537078.4032	0.220280394
549588.856	0.218830481
562390.7216	0.217011273
575490.7878	0.215350285
588896.0008	0.213804811
602613.4685	0.21234265
616650.4645	0.210804448
631014.4303	0.209457189
645712.9851	0.208050832
660753.921	0.206288561
676145.2136	0.204597443
691895.0236	0.20281294
708011.7024	0.201120213
724503.7955	0.199481547
741380.0478	0.197948441
758649.4058	0.196014553
776321.0299	0.194345608
794404.2885	0.192534491
812908.7701	0.190857753
831844.2865	0.189166844
851220.8779	0.187204927
871048.8185	0.185147345
891338.6219	0.183659121
912101.0444	0.181824818
933347.0991	0.17990993
955088.0495	0.177843004
977335.4234	0.175858378
1000101.017	0.174040541
1023396.902	0.172301397
1047235.43	0.170636296
1071629.242	0.168903947
1096591.272	0.166961506
1122134.753	0.164985701
1148273.235	0.163191363
1175020.574	0.160962462
1202390.953	0.159477487
1230398.885	0.157711491
1259059.221	0.156000659
1288387.157	0.154116198
1318398.244	0.15218778
1349108.393	0.150474921
1380533.892	0.148491979
1412691.402	0.147076771
1445597.974	0.145397916
1479271.057	0.143243298
1513728.504	0.141531408
1548988.587	0.140294299
1585070.002	0.138705894
1621991.881	0.136992812
1659773.797	0.135363907
1698435.791	0.133785933
1737998.359	0.132438242
1778482.479	0.130778283
1819909.617	0.129050627
1862301.74	0.127398953
1905681.325	0.126121059
1950071.373	0.124516666
1995495.418	0.122792043
2041977.555	0.12125589
2089542.424	0.119977422
2138215.247	0.119032331
2188021.832	0.117291309
2238988.588	0.115565695
2291142.54	0.114068948
2344511.342	0.112316474
2399123.291	0.11098998
2455007.34	0.108909875
2512193.132	0.107615784
2570710.983	0.105861157
2630591.921	0.10452912
2691867.698	0.102643788
2754570.804	0.100908346
2818734.487	0.099257559
2884392.768	0.097860813
2951580.456	0.095649332
3020333.189	0.093617082
3090687.417	0.091677986
3162680.443	0.089876033
3236350.44	0.087896928
3311736.472	0.085618325
3388878.511	0.083552994
3467817.461	0.081665553
3548595.177	0.079792246
3631254.484	0.077090971
3715839.226	0.075419344
3802394.245	0.072832026
3890965.437	0.070236504
3981599.764	0.067799568
4074345.285	0.065534756
4169251.177	0.062987208
4266367.762	0.060688436
4365746.525	0.058284212
4467440.181	0.055956498
4571502.641	0.053776942
4677989.083	0.051567826
4786955.971	0.048963767
4898461.083	0.046493202
5012563.542	0.044490766
5129323.85	0.04221423
5248803.919	0.040410608
5371067.088	0.038469285
5496178.21	0.036744855
5624203.612	0.034333576
5755211.178	0.032763377
5889270.373	0.030692758
6026452.28	0.029156325
6166829.638	0.027667686
6310476.881	0.026115732
6457470.16	0.024898594
6607887.447	0.023259036
6761808.484	0.022247152
6919314.885	0.020635948
7080490.167	0.019680988
7245419.79	0.018314006
7414191.207	0.017237462
7586893.906	0.016666638
7763619.461	0.016110005
7944461.56	0.014631386
8129516.128	0.013495313
8318881.271	0.013318251
8512657.397	0.011998807
8710947.253	0.012236298
8913855.981	0.010841603
9121491.169	0.011298443
9333962.914	0.010152529
9551383.854	0.009624392
9773869.319	0.009683029
10001537.25	0.008200942
10234508.38	0.008227433
10472906.23	0.00803395
10716857.2	0.007113397
10966490.66	0.006873617
11221938.96	0.007843887
11483337.52	0.006159285
