1901.07828	0.0218
1923.091729	0.0218
1949.8446	0.0218
1976.96964	0.0219
2004.472027	0.0222
2032.357011	0.0224
2060.629913	0.0226
2084.490883	0.0229
2113.48904	0.0231
2142.890601	0.0234
2172.701179	0.0236
2202.926463	0.0238
2233.572223	0.0241
2259.43577	0.0245
2290.867653	0.0247
2322.736796	0.0247
2355.049284	0.0249
2387.811283	0.0252
2421.029047	0.0253
2449.063242	0.0254
2483.133105	0.0255
2517.676928	0.0258
2552.701303	0.0258
2588.212915	0.0257
2624.218543	0.0258
2660.72506	0.0259
2691.534804	0.026
2728.977783	0.0261
2766.941645	0.0262
2805.433638	0.0264
2844.461107	0.0266
2884.031503	0.0268
2924.152378	0.027
2964.83139	0.0274
2999.162519	0.0279
3040.885026	0.0282
3083.18795	0.0285
3126.079367	0.0289
3169.567463	0.0291
3213.660539	0.0294
3258.36701	0.0296
3303.69541	0.03
3349.654392	0.0304
3396.252726	0.0308
3443.499308	0.0311
3483.37315	0.0314
3531.831698	0.0317
3580.964371	0.0322
3630.780548	0.0327
3681.289736	0.0332
3732.501578	0.0336
3784.425847	0.0341
3837.072455	0.0344
3890.45145	0.0348
3944.573021	0.0351
3999.447498	0.0355
4055.085354	0.0359
4111.497211	0.0362
4168.693835	0.0365
4226.686143	0.0368
4285.485204	0.0372
4345.102242	0.0376
4405.548635	0.0381
4466.835922	0.0387
4528.975799	0.0391
4591.980128	0.0394
4655.860935	0.0398
4720.630413	0.0403
4786.300923	0.0408
4852.885002	0.0413
4920.395357	0.0417
4988.844875	0.0423
5058.24662	0.0428
5128.61384	0.0434
5199.959965	0.0439
5284.452518	0.0445
5357.966575	0.0451
5432.503315	0.0459
5508.076964	0.0466
5584.701947	0.0474
5662.39289	0.0483
5741.164622	0.0491
5821.032178	0.0498
5902.010802	0.0505
6025.595861	0.05
6025.595861	0.05
6165.950019	0.05
6309.573445	0.05
6309.573445	0.05
6456.54229	0.06
6456.54229	0.06
6606.93448	0.06
6760.829754	0.06
6760.829754	0.06
6918.309709	0.06
7079.457844	0.06
7079.457844	0.06
7244.359601	0.06
7244.359601	0.06
7413.102413	0.06
7585.77575	0.06
7585.77575	0.06
7762.471166	0.07
7943.282347	0.07
7943.282347	0.07
8128.305162	0.07
8128.305162	0.07
8317.637711	0.07
8511.380382	0.07
8511.380382	0.07
8709.6359	0.07
8912.509381	0.08
8912.509381	0.08
9120.108394	0.08
9120.108394	0.08
9332.543008	0.08
9549.92586	0.08
9549.92586	0.08
9772.37221	0.08
10000	0.09
10000	0.09
10232.92992	0.09
10232.92992	0.09
10471.28548	0.09
10715.19305	0.09
10715.19305	0.09
10964.78196	0.09
11220.18454	0.1
11220.18454	0.1
11481.53621	0.1
11748.97555	0.1
11748.97555	0.1
12022.64435	0.1
12022.64435	0.1
12302.68771	0.1
12589.25412	0.11
12589.25412	0.11
12882.49552	0.11
13182.56739	0.11
13182.56739	0.11
13489.62883	0.11
13803.84265	0.12
13803.84265	0.11
14125.37545	0.12
14454.39771	0.12
14454.39771	0.12
14791.08388	0.12
14791.08388	0.12
15135.61248	0.12
15488.16619	0.13
15488.16619	0.13
15848.93192	0.13
16218.10097	0.13
16218.10097	0.13
16595.86907	0.13
16982.43652	0.14
16982.43652	0.14
17378.00829	0.14
17782.7941	0.14
17782.7941	0.14
18197.00859	0.14
18620.87137	0.15
18620.87137	0.14
19054.60718	0.15
19498.446	0.15
19498.446	0.15
19952.62315	0.15
19952.62315	0.15
20417.37945	0.16
20892.96131	0.16
20892.96131	0.16
21379.6209	0.16
21877.61624	0.17
21877.61624	0.16
22387.21139	0.17
22908.67653	0.17
22908.67653	0.17
23442.28815	0.18
23988.32919	0.18
23988.32919	0.18
24547.08916	0.18
25118.86432	0.19
25118.86432	0.18
25703.95783	0.19
26302.67992	0.19
26302.67992	0.19
26915.34804	0.2
27542.28703	0.2
27542.28703	0.2
28183.82931	0.2
28840.31503	0.21
28840.31503	0.21
29512.09227	0.21
30199.5172	0.22
30199.5172	0.21
30902.95433	0.22
31622.7766	0.22
31622.7766	0.22
32359.36569	0.22
33113.11215	0.23
33113.11215	0.23
33884.41561	0.23
34673.68505	0.24
34673.68505	0.24
35481.33892	0.24
36307.80548	0.24
37153.52291	0.25
37153.52291	0.25
38018.93963	0.25
38904.5145	0.26
38904.5145	0.25
39810.71706	0.26
40738.02778	0.26
40738.02778	0.26
41686.93835	0.27
42657.95188	0.27
42657.95188	0.27
43651.58322	0.27
44668.35922	0.28
44668.35922	0.28
45708.81896	0.28
46773.51413	0.29
46773.51413	0.29
47863.00923	0.29
48977.88194	0.3
48977.88194	0.3
50118.72336	0.3
51286.1384	0.31
51286.1384	0.3
52480.74602	0.31
53703.17964	0.31
54954.08739	0.32
54954.08739	0.31
56234.13252	0.32
57543.99373	0.33
57543.99373	0.32
58884.36554	0.33
60255.95861	0.33
60255.95861	0.33
61659.50019	0.34
63095.73445	0.34
63095.73445	0.34
64565.4229	0.35
66069.3448	0.35
66069.3448	0.35
67608.29754	0.35
69183.09709	0.36
70794.57844	0.36
70794.57844	0.36
72443.59601	0.37
74131.02413	0.37
74131.02413	0.37
75857.7575	0.37
77624.71166	0.38
77624.71166	0.38
79432.82347	0.38
81283.05162	0.38
81283.05162	0.38
83176.37711	0.39
85113.80382	0.39
87096.359	0.39
87096.359	0.39
89125.09381	0.4
91201.08394	0.4
91201.08394	0.4
93325.43008	0.4
95499.2586	0.41
95499.2586	0.41
97723.7221	0.41
100000	0.41
100000	0.41
102329.2992	0.42
104712.8548	0.42
107151.9305	0.42
107151.9305	0.42
109647.8196	0.42
112201.8454	0.43
112201.8454	0.43
114815.3621	0.43
117489.7555	0.44
117489.7555	0.43
120226.4435	0.44
123026.8771	0.44
125892.5412	0.44
125892.5412	0.44
128824.9552	0.44
131825.6739	0.45
131825.6739	0.45
134896.2883	0.45
138038.4265	0.45
138038.4265	0.45
141253.7545	0.45
144543.9771	0.46
147910.8388	0.46
147910.8388	0.46
151356.1248	0.46
154881.6619	0.46
154881.6619	0.46
158489.3192	0.47
162181.0097	0.47
162181.0097	0.47
165958.6907	0.47
169824.3652	0.47
173780.0829	0.48
173780.0829	0.47
177827.941	0.48
181970.0859	0.48
181970.0859	0.48
186208.7137	0.48
190546.0718	0.49
190546.0718	0.48
194984.46	0.49
199526.2315	0.49
204173.7945	0.49
204173.7945	0.49
208929.6131	0.49
213796.209	0.5
213796.209	0.5
218776.1624	0.5
223872.1139	0.5
223872.1139	0.5
229086.7653	0.5
234422.8815	0.5
239883.2919	0.51
239883.2919	0.51
245470.8916	0.51
251188.6432	0.51
251188.6432	0.51
257039.5783	0.51
263026.7992	0.51
269153.4804	0.51
269153.4804	0.51
275422.8703	0.52
281838.2931	0.52
281838.2931	0.52
288403.1503	0.52
295120.9227	0.52
295120.9227	0.52
301995.172	0.52
309029.5433	0.52
316227.766	0.52
316227.766	0.52
323593.6569	0.52
331131.1215	0.52
331131.1215	0.52
338844.1561	0.53
346736.8505	0.53
354813.3892	0.53
354813.3892	0.53
363078.0548	0.53
371535.2291	0.53
371535.2291	0.53
380189.3963	0.53
389045.145	0.53
398107.1706	0.53
398107.1706	0.53
407380.2778	0.53
416869.3835	0.53
416869.3835	0.53
426579.5188	0.53
436515.8322	0.53
436515.8322	0.53
446683.5922	0.53
457088.1896	0.53
467735.1413	0.53
467735.1413	0.53
478630.0923	0.53
489778.8194	0.53
489778.8194	0.53
501187.2336	0.53
512861.384	0.53
524807.4602	0.53
524807.4602	0.53
537031.7964	0.53
549540.8739	0.53
549540.8739	0.53
562341.3252	0.53
575439.9373	0.53
588843.6554	0.52
588843.6554	0.53
602559.5861	0.52
616595.0019	0.52
616595.0019	0.52
630957.3445	0.52
645654.229	0.52
660693.448	0.52
660693.448	0.52
676082.9754	0.52
691830.9709	0.51
691830.9709	0.52
707945.7844	0.51
724435.9601	0.51
741310.2413	0.51
741310.2413	0.51
758577.575	0.51
776247.1166	0.5
776247.1166	0.51
794328.2347	0.5
812830.5162	0.5
831763.7711	0.5
831763.7711	0.5
851138.0382	0.5
870963.59	0.49
870963.59	0.49
891250.9381	0.49
912010.8394	0.49
933254.3008	0.48
933254.3008	0.49
954992.586	0.48
977237.221	0.48
977237.221	0.48
1000000	0.48
1023292.992	0.47
1047128.548	0.47
1047128.548	0.47
1071519.305	0.47
1096478.196	0.46
1096478.196	0.46
1122018.454	0.46
1148153.621	0.46
1174897.555	0.45
1174897.555	0.45
1202264.435	0.45
1230268.771	0.44
1230268.771	0.45
1258925.412	0.44
1288249.552	0.44
1318256.739	0.43
1318256.739	0.43
1348962.883	0.43
1380384.265	0.43
1412537.545	0.42
1412537.545	0.42
1445439.771	0.42
1479108.388	0.41
1479108.388	0.41
1513561.248	0.41
1548816.619	0.4
1584893.192	0.4
1584893.192	0.4
1621810.097	0.39
1659586.907	0.38
1659586.907	0.39
1698243.652	0.38
1737800.829	0.38
1778279.41	0.37
1778279.41	0.37
1819700.859	0.36
1862087.137	0.36
1905460.718	0.35
1905460.718	0.35
1949844.6	0.35
1995262.315	0.34
2041737.945	0.33
2041737.945	0.34
2089296.131	0.33
2137962.09	0.32
2137962.09	0.32
2187761.624	0.31
2238721.139	0.31
2290867.653	0.3
2290867.653	0.31
2344228.815	0.3
2398832.919	0.29
2454708.916	0.28
2454708.916	0.29
2511886.432	0.28
2570395.783	0.27
2630267.992	0.27
2630267.992	0.27
2691534.804	0.26
2754228.703	0.26
2818382.931	0.25
2818382.931	0.25
2884031.503	0.24
2951209.227	0.24
3019951.72	0.23
3019951.72	0.24
3090295.433	0.23
3162277.66	0.22
3235936.569	0.21
3235936.569	0.22
3311311.215	0.21
3388441.561	0.21
3467368.505	0.2
3467368.505	0.2
3548133.892	0.19
3630780.548	0.19
3715352.291	0.18
3715352.291	0.19
3801893.963	0.18
3890451.45	0.17
3981071.706	0.17
3981071.706	0.17
4073802.778	0.16
4168693.835	0.16
4265795.188	0.15
4265795.188	0.16
4365158.322	0.15
4466835.922	0.15
4570881.896	0.14
4570881.896	0.14
4677351.413	0.14
4786300.923	0.13
4897788.194	0.13
5011872.336	0.12
5011872.336	0.13
5128613.84	0.12
5248074.602	0.12
5370317.964	0.11
5370317.964	0.11
5495408.739	0.11
5623413.252	0.1
5754399.373	0.1
5754399.373	0.1
5888436.554	0.1
6025595.861	0.09
6165950.019	0.09
6309573.445	0.09
6309573.445	0.09
6456542.29	0.08
6606934.48	0.08
6760829.754	0.08
6918309.709	0.08
6918309.709	0.08
7079457.844	0.07
7244359.601	0.07
7413102.413	0.07
7585775.75	0.06
7585775.75	0.07
7762471.166	0.06
7943282.347	0.06
8128305.162	0.06
8317637.711	0.05
8317637.711	0.06
8511380.382	0.05
8709635.9	0.05
8912509.381	0.05
9120108.394	0.04
9120108.394	0.05
9332543.008	0.04
9549925.86	0.04
9772372.21	0.04
10000000	0.04
10232929.92	0.03
10232929.92	0.03
10471285.48	0.03
10715193.05	0.03
10964781.96	0.03
11220184.54	0.02
11481536.21	0.02
11481536.21	0.02
11748975.55	0.02
12022644.35	0.02
12302687.71	0.02
12589254.12	0.01
12882495.52	0.01
12882495.52	0.01
13182567.39	0.01
13489628.83	0.01
13803842.65	0.01
14125375.45	0.01
14454397.71	0
14791083.88	0
14791083.88	0
15135612.48	0
15488166.19	0
15848931.92	0
16218100.97	0
16595869.07	0
16982436.52	0
17378008.29	0
17378008.29	0
17782794.1	0
18197008.59	0
18620871.37	0
19054607.18	0
19498446	0
19952623.15	0
20417379.45	0
20892961.31	0
20892961.31	0
