2000.0	0.44067
2021.3	0.44114
2042.9	0.45031
2064.7	0.46611
2086.8	0.47241
2109.0	0.47003
2131.5	0.47207
2154.3	0.47637
2177.3	0.4628
2200.5	0.44957
2224.0	0.44624
2247.7	0.45158
2271.7	0.47498
2296.0	0.4929
2320.5	0.50885
2345.2	0.51155
2370.3	0.52013
2395.6	0.51882
2421.1	0.51853
2447.0	0.50995
2473.1	0.50873
2499.5	0.52522
2526.2	0.53581
2553.1	0.53195
2580.4	0.53126
2607.9	0.5355
2635.7	0.53664
2663.9	0.54202
2692.3	0.55055
2721.0	0.56034
2750.1	0.57378
2779.4	0.58351
2809.1	0.59973
2839.1	0.60355
2869.4	0.60194
2900.0	0.61203
2930.9	0.61633
2962.2	0.6205
2993.8	0.63674
3025.8	0.64275
3058.1	0.6531
3090.7	0.65887
3123.7	0.65858
3157.0	0.65683
3190.7	0.66531
3224.8	0.67949
3259.2	0.68316
3294.0	0.68602
3329.1	0.69328
3364.6	0.69978
3400.6	0.70918
3436.8	0.72858
3473.5	0.74662
3510.6	0.75302
3548.1	0.7609
3585.9	0.76927
3624.2	0.77798
3662.9	0.78746
3702.0	0.79176
3741.5	0.80544
3781.4	0.83404
3821.8	0.84695
3862.5	0.84891
3903.8	0.85562
3945.4	0.86872
3987.5	0.87613
4030.1	0.88233
4073.1	0.89746
4116.6	0.91109
4160.5	0.91282
4204.9	0.91571
4249.8	0.92722
4295.1	0.93939
4341.0	0.95158
4387.3	0.95716
4434.1	0.96559
4481.5	0.97602
4529.3	0.9892
4577.6	0.99097
4626.5	1.0129
4675.9	1.033
4725.8	1.041
4776.2	1.0533
4827.2	1.0666
4878.7	1.078
4930.7	1.0909
4983.4	1.1089
5036.6	1.1222
5090.3	1.1354
5144.6	1.1595
5199.5	1.1726
5255.0	1.1814
5311.1	1.1911
5367.8	1.1974
5425.1	1.2088
5483.0	1.2221
5541.5	1.2388
5600.6	1.2609
5660.4	1.2798
5720.8	1.2979
5781.9	1.3208
5843.6	1.3454
5905.9	1.3684
5969.0	1.3899
6032.7	1.4106
6097.1	1.4306
6162.1	1.454
6227.9	1.4778
6294.4	1.4989
6361.5	1.5231
6429.4	1.5476
6498.0	1.5722
6567.4	1.5904
6637.5	1.6009
6708.3	1.612
6779.9	1.636
6852.3	1.67
6925.4	1.7013
6999.3	1.7257
7074.0	1.7582
7149.5	1.7954
7225.8	1.8258
7302.9	1.847
7380.9	1.873
7459.6	1.9076
7539.2	1.9373
7619.7	1.9548
7701.0	1.9726
7783.2	1.9968
7866.3	2.0305
7950.2	2.0721
8035.1	2.11
8120.8	2.1421
8207.5	2.1662
8295.1	2.2003
8383.6	2.2487
8473.1	2.2856
8563.5	2.3246
8654.9	2.3603
8747.3	2.3869
8840.6	2.4186
8935.0	2.4479
9030.3	2.4821
9126.7	2.5234
9224.1	2.5619
9322.6	2.5984
9422.0	2.6369
9522.6	2.687
9624.2	2.736
9726.9	2.7733
9830.8	2.8099
9935.7	2.8483
10042.0	2.8935
10149.0	2.9406
10257.0	2.9824
10367.0	3.0249
10477.0	3.0621
10589.0	3.0934
10702.0	3.1406
10816.0	3.183
10932.0	3.2259
11048.0	3.2736
11166.0	3.3051
11286.0	3.3308
11406.0	3.3754
11528.0	3.4269
11651.0	3.468
11775.0	3.5083
11901.0	3.5454
12028.0	3.5989
12156.0	3.6523
12286.0	3.6986
12417.0	3.7604
12550.0	3.8174
12683.0	3.8599
12819.0	3.9164
12956.0	3.9593
13094.0	4.0052
13234.0	4.044
13375.0	4.0816
13518.0	4.1417
13662.0	4.212
13808.0	4.283
13955.0	4.3511
14104.0	4.4216
14254.0	4.4776
14407.0	4.5321
14560.0	4.589
14716.0	4.6545
14873.0	4.73
15032.0	4.8017
15192.0	4.8716
15354.0	4.9376
15518.0	5.0123
15684.0	5.0988
15851.0	5.1805
16020.0	5.2691
16191.0	5.3632
16364.0	5.4551
16539.0	5.5471
16715.0	5.6396
16893.0	5.7321
17074.0	5.8324
17256.0	5.9431
17440.0	6.0543
17626.0	6.1869
17814.0	6.3038
18004.0	6.4471
18197.0	6.5619
18391.0	6.6873
18587.0	6.8284
18785.0	6.9808
18986.0	7.1238
19189.0	7.2941
19393.0	7.4531
19600.0	7.6094
19809.0	7.7753
20021.0	7.9339
20235.0	8.1015
20450.0	8.262
20669.0	8.4262
20889.0	8.6093
21112.0	8.8033
21338.0	8.9856
21565.0	9.159
21795.0	9.3444
22028.0	9.5375
22263.0	9.7413
22501.0	9.9507
22741.0	10.154
22984.0	10.359
23229.0	10.564
23477.0	10.771
23727.0	10.984
23981.0	11.197
24236.0	11.412
24495.0	11.64
24757.0	11.874
25021.0	12.106
25288.0	12.339
25558.0	12.571
25830.0	12.808
26106.0	13.056
26385.0	13.293
26666.0	13.543
26951.0	13.782
27239.0	14.02
27529.0	14.278
27823.0	14.533
28120.0	14.8
28420.0	15.05
28723.0	15.306
29030.0	15.564
29340.0	15.823
29653.0	16.104
29969.0	16.373
30289.0	16.643
30612.0	16.918
30939.0	17.179
31269.0	17.44
31603.0	17.706
31940.0	17.974
32281.0	18.262
32626.0	18.558
32974.0	18.841
33326.0	19.121
33681.0	19.413
34041.0	19.706
34404.0	19.996
34771.0	20.287
35142.0	20.574
35518.0	20.869
35897.0	21.171
36280.0	21.483
36667.0	21.797
37058.0	22.107
37454.0	22.423
37853.0	22.748
38257.0	23.07
38666.0	23.394
39078.0	23.727
39495.0	24.06
39917.0	24.398
40343.0	24.745
40773.0	25.098
41209.0	25.444
41648.0	25.798
42093.0	26.163
42542.0	26.536
42996.0	26.911
43455.0	27.295
43919.0	27.694
44387.0	28.085
44861.0	28.482
45340.0	28.888
45824.0	29.3
46313.0	29.723
46807.0	30.165
47307.0	30.602
47812.0	31.043
48322.0	31.481
48838.0	31.919
49359.0	32.371
49886.0	32.83
50418.0	33.299
50956.0	33.759
51500.0	34.222
52049.0	34.708
52605.0	35.188
53166.0	35.682
53734.0	36.179
54307.0	36.682
54887.0	37.175
55473.0	37.676
56065.0	38.184
56663.0	38.695
57268.0	39.221
57879.0	39.743
58497.0	40.264
59121.0	40.83
59752.0	41.377
60390.0	41.918
61034.0	42.454
61685.0	42.995
62344.0	43.555
63009.0	44.128
63682.0	44.691
64361.0	45.246
65048.0	45.818
65742.0	46.39
66444.0	46.984
67153.0	47.569
67870.0	48.153
68594.0	48.74
69326.0	49.331
70066.0	49.925
70814.0	50.538
71569.0	51.146
72333.0	51.766
73105.0	52.372
73885.0	52.993
74674.0	53.619
75471.0	54.255
76276.0	54.883
77090.0	55.512
77913.0	56.158
78745.0	56.799
79585.0	57.452
80434.0	58.099
81293.0	58.745
82160.0	59.397
83037.0	60.037
83923.0	60.689
84819.0	61.341
85724.0	62.008
86639.0	62.649
87564.0	63.326
88498.0	63.983
89443.0	64.625
90397.0	65.292
91362.0	65.946
92337.0	66.618
93323.0	67.26
94319.0	67.909
95325.0	68.549
96342.0	69.206
97371.0	69.849
98410.0	70.49
99460.0	71.127
100520.0	71.762
101590.0	72.399
102680.0	73.034
103770.0	73.66
104880.0	74.278
106000.0	74.9
107130.0	75.52
108280.0	76.128
109430.0	76.731
110600.0	77.327
111780.0	77.916
112970.0	78.506
114180.0	79.089
115400.0	79.675
116630.0	80.256
117870.0	80.822
119130.0	81.388
120400.0	81.947
121690.0	82.499
122990.0	83.039
124300.0	83.57
125630.0	84.09
126970.0	84.61
128320.0	85.121
129690.0	85.622
131080.0	86.128
132470.0	86.626
133890.0	87.118
135320.0	87.592
136760.0	88.056
138220.0	88.512
139700.0	88.965
141190.0	89.419
142690.0	89.858
144220.0	90.289
145760.0	90.71
147310.0	91.125
148880.0	91.533
150470.0	91.931
152080.0	92.321
153700.0	92.711
155340.0	93.089
157000.0	93.447
158670.0	93.794
160370.0	94.141
162080.0	94.487
163810.0	94.813
165560.0	95.145
167320.0	95.428
169110.0	95.73
170910.0	96.0
172740.0	96.283
174580.0	96.55
176450.0	96.823
178330.0	97.064
180230.0	97.313
182160.0	97.549
184100.0	97.764
186060.0	97.973
188050.0	98.172
190060.0	98.373
192080.0	98.566
194130.0	98.751
196210.0	98.916
198300.0	99.057
200420.0	99.194
202560.0	99.319
204720.0	99.422
206900.0	99.521
209110.0	99.626
211340.0	99.723
213600.0	99.799
215880.0	99.851
218180.0	99.894
220510.0	99.942
222860.0	99.977
225240.0	99.988
227650.0	99.995
230080.0	99.998
232530.0	99.993
235010.0	99.983
237520.0	99.948
240060.0	99.888
242620.0	99.814
245210.0	99.727
247820.0	99.639
250470.0	99.545
253140.0	99.447
255840.0	99.341
258570.0	99.217
261330.0	99.067
264120.0	98.901
266940.0	98.735
269790.0	98.554
272670.0	98.357
275580.0	98.154
278520.0	97.945
281490.0	97.725
284500.0	97.489
287530.0	97.229
290600.0	96.968
293700.0	96.707
296840.0	96.413
300010.0	96.109
303210.0	95.799
306440.0	95.47
309710.0	95.129
313020.0	94.779
316360.0	94.414
319740.0	94.044
323150.0	93.666
326600.0	93.253
330080.0	92.829
333600.0	92.407
337170.0	91.971
340760.0	91.53
344400.0	91.071
348080.0	90.598
351790.0	90.113
355550.0	89.614
359340.0	89.106
363170.0	88.581
367050.0	88.04
370970.0	87.504
374930.0	86.929
378930.0	86.352
382970.0	85.793
387060.0	85.222
391190.0	84.611
395370.0	83.973
399580.0	83.326
403850.0	82.688
408160.0	82.045
412520.0	81.367
416920.0	80.691
421370.0	80.021
425860.0	79.32
430410.0	78.625
435000.0	77.918
439640.0	77.189
444340.0	76.448
449080.0	75.702
453870.0	74.957
458720.0	74.201
463610.0	73.418
468560.0	72.647
473560.0	71.875
478610.0	71.084
483720.0	70.283
488880.0	69.476
494100.0	68.662
499370.0	67.866
504700.0	67.037
510090.0	66.216
515530.0	65.393
521040.0	64.551
526600.0	63.745
532220.0	62.908
537900.0	62.055
543640.0	61.236
549440.0	60.405
555300.0	59.56
561230.0	58.723
567220.0	57.896
573270.0	57.055
579390.0	56.234
585570.0	55.412
591820.0	54.581
598140.0	53.755
604520.0	52.929
610980.0	52.11
617500.0	51.281
624090.0	50.461
630750.0	49.664
637480.0	48.874
644280.0	48.106
651160.0	47.297
658110.0	46.499
665130.0	45.732
672230.0	44.953
679400.0	44.181
686650.0	43.412
693980.0	42.66
701390.0	41.924
708870.0	41.192
716440.0	40.466
724090.0	39.723
731810.0	38.996
739620.0	38.282
747520.0	37.581
755490.0	36.881
763560.0	36.171
771710.0	35.465
779940.0	34.768
788270.0	34.066
796680.0	33.367
805180.0	32.693
813770.0	32.019
822460.0	31.337
831240.0	30.669
840110.0	30.009
849070.0	29.349
858130.0	28.699
867290.0	28.047
876550.0	27.4
885900.0	26.768
895360.0	26.121
904910.0	25.472
914570.0	24.846
924330.0	24.219
934200.0	23.592
944170.0	22.96
954240.0	22.332
964430.0	21.72
974720.0	21.119
985120.0	20.507
995640.0	19.903
1006300.0	19.315
1017000.0	18.742
1027900.0	18.174
1038800.0	17.595
1049900.0	17.015
1061100.0	16.475
1072400.0	15.924
1083900.0	15.388
1095500.0	14.864
1107100.0	14.351
1119000.0	13.843
1130900.0	13.336
1143000.0	12.837
1155200.0	12.354
1167500.0	11.88
1180000.0	11.422
1192600.0	10.973
1205300.0	10.538
1218100.0	10.103
1231100.0	9.6944
1244300.0	9.2947
1257600.0	8.9005
1271000.0	8.5006
1284600.0	8.1261
1298300.0	7.7717
1312100.0	7.4225
1326100.0	7.0859
1340300.0	6.743
1354600.0	6.4014
1369000.0	6.088
1383600.0	5.7986
1398400.0	5.5114
1413300.0	5.2442
1428400.0	4.9816
1443700.0	4.7328
1459100.0	4.4858
1474600.0	4.25
1490400.0	4.0245
1506300.0	3.8045
1522400.0	3.6066
1538600.0	3.4019
1555000.0	3.2071
1571600.0	3.0371
1588400.0	2.8739
1605300.0	2.708
1622500.0	2.5593
1639800.0	2.402
1657300.0	2.2502
1675000.0	2.1257
1692900.0	1.9912
1710900.0	1.8679
1729200.0	1.7547
1747600.0	1.6307
1766300.0	1.5353
1785100.0	1.4393
1804200.0	1.3343
1823400.0	1.2483
1842900.0	1.1681
1862600.0	1.0989
1882500.0	1.0299
1902500.0	0.96373
1922800.0	0.88763
1943400.0	0.82487
1964100.0	0.76872
1985100.0	0.7211
2006300.0	0.66512
2027700.0	0.61371
2049300.0	0.55789
2071200.0	0.51334
2093300.0	0.47609
2115600.0	0.43428
2138200.0	0.40874
2161000.0	0.37704
2184100.0	0.33461
2207400.0	0.31175
2231000.0	0.29293
2254800.0	0.27177
2278800.0	0.25719
2303100.0	0.22422
2327700.0	0.20089
2352600.0	0.18093
2377700.0	0.16066
2403100.0	0.14708
2428700.0	0.13769
2454600.0	0.11773
2480800.0	0.10979
2507300.0	0.10014
2534000.0	0.094731
2561100.0	0.0895
2588400.0	0.081177
2616000.0	0.069959
2644000.0	0.055142
2672200.0	0.042247
2700700.0	0.046556
2729500.0	0.040885
2758700.0	0.040278
2788100.0	0.028449
2817900.0	0.024016
2847900.0	0.018346
2878300.0	0.011094
2909000.0	0.006251
2940100.0	0.0048478
2971500.0	0.004359
3003200.0	0.0027495
3035200.0	0.0022
3067600.0	0.0092908
3100400.0	0.016093
3133400.0	0.013966
3166900.0	0.0044925
3200700.0	0.010822
3234800.0	0.001922
3269400.0	0.0
3304300.0	0.0
3339500.0	0.0
3375200.0	0.0
3411200.0	0.0
3447600.0	0.0
3484400.0	0.0
3521600.0	0.0
3559200.0	0.0
3597100.0	0.0
3635500.0	0.0
3674300.0	0.0
3713500.0	0.0071524
3753200.0	0.023257
3793200.0	0.029545
3833700.0	0.032542
3874600.0	0.027751
3916000.0	0.015973
3957800.0	0.0010714
