2000.0	0.063892
2021.8	0.062183
2043.8	0.058662
2066.0	0.05548
2088.5	0.054652
2111.3	0.057078
2134.3	0.056735
2157.5	0.060179
2181.0	0.061789
2204.7	0.05985
2228.7	0.062287
2253.0	0.061642
2277.5	0.06548
2302.3	0.064199
2327.4	0.065025
2352.7	0.069439
2378.3	0.072773
2404.2	0.070594
2430.4	0.068386
2456.8	0.065708
2483.6	0.068384
2510.6	0.06803
2538.0	0.069448
2565.6	0.071494
2593.5	0.068465
2621.8	0.066168
2650.3	0.063437
2679.1	0.066992
2708.3	0.070997
2737.8	0.071375
2767.6	0.06756
2797.7	0.067261
2828.2	0.068597
2859.0	0.065938
2890.1	0.063697
2921.6	0.067368
2953.4	0.070581
2985.5	0.070594
3018.0	0.07288
3050.9	0.07206
3084.1	0.069013
3117.7	0.068841
3151.6	0.072918
3185.9	0.074768
3220.6	0.076258
3255.7	0.07652
3291.1	0.074981
3326.9	0.075971
3363.2	0.075196
3399.8	0.07237
3436.8	0.072299
3474.2	0.075001
3512.0	0.076371
3550.3	0.0742
3588.9	0.07359
3628.0	0.07518
3667.5	0.075804
3707.4	0.0766
3747.8	0.079154
3788.6	0.082926
3829.8	0.08359
3871.5	0.080594
3913.6	0.080531
3956.2	0.084659
3999.3	0.089026
4042.9	0.091822
4086.9	0.093706
4131.4	0.094443
4176.3	0.095538
4221.8	0.094929
4267.8	0.094459
4314.2	0.09595
4361.2	0.095409
4408.7	0.095914
4456.7	0.097275
4505.2	0.10013
4554.2	0.10357
4603.8	0.10445
4653.9	0.1035
4704.6	0.10513
4755.8	0.1079
4807.6	0.10729
4859.9	0.10617
4912.8	0.10781
4966.3	0.11138
5020.4	0.11449
5075.0	0.11357
5130.3	0.11041
5186.1	0.10911
5242.6	0.11211
5299.7	0.11759
5357.4	0.12393
5415.7	0.12685
5474.6	0.12772
5534.2	0.12846
5594.5	0.12696
5655.4	0.12581
5717.0	0.12923
5779.2	0.13162
5842.1	0.13126
5905.7	0.1319
5970.0	0.13323
6035.0	0.13655
6100.7	0.1415
6167.1	0.14411
6234.3	0.14367
6302.1	0.14578
6370.7	0.14525
6440.1	0.14655
6510.2	0.14871
6581.1	0.14752
6652.7	0.14832
6725.2	0.15383
6798.4	0.15887
6872.4	0.16074
6947.2	0.16173
7022.8	0.1622
7099.3	0.16779
7176.6	0.17313
7254.7	0.17367
7333.7	0.17675
7413.5	0.17866
7494.2	0.17491
7575.8	0.17613
7658.3	0.1835
7741.7	0.18858
7825.9	0.1851
7911.1	0.18925
7997.3	0.18964
8084.3	0.19092
8172.3	0.19426
8261.3	0.1959
8351.2	0.20032
8442.2	0.20328
8534.1	0.20941
8627.0	0.21097
8720.9	0.2142
8815.8	0.21638
8911.8	0.21705
9008.8	0.22182
9106.9	0.22543
9206.0	0.22691
9306.3	0.22967
9407.6	0.23137
9510.0	0.23417
9613.5	0.23869
9718.2	0.24545
9824.0	0.24847
9930.9	0.25019
10039.0	0.25113
10148.0	0.25452
10259.0	0.25842
10371.0	0.26273
10483.0	0.26312
10598.0	0.26459
10713.0	0.26882
10830.0	0.27457
10947.0	0.27644
11067.0	0.28235
11187.0	0.28884
11309.0	0.28928
11432.0	0.29031
11556.0	0.29104
11682.0	0.29333
11809.0	0.30107
11938.0	0.30462
12068.0	0.31072
12199.0	0.31726
12332.0	0.321
12466.0	0.321
12602.0	0.32431
12739.0	0.33085
12878.0	0.33402
13018.0	0.33505
13160.0	0.33511
13303.0	0.33628
13448.0	0.33906
13594.0	0.34952
13742.0	0.35268
13892.0	0.35814
14043.0	0.36204
14196.0	0.36708
14351.0	0.36844
14507.0	0.37399
14665.0	0.37741
14825.0	0.38301
14986.0	0.38958
15149.0	0.39387
15314.0	0.39788
15481.0	0.40496
15649.0	0.4158
15820.0	0.42166
15992.0	0.42724
16166.0	0.4346
16342.0	0.44142
16520.0	0.45248
16700.0	0.46388
16881.0	0.4741
17065.0	0.47876
17251.0	0.48582
17439.0	0.49796
17629.0	0.50762
17821.0	0.52027
18015.0	0.52782
18211.0	0.54178
18409.0	0.55202
18609.0	0.55523
18812.0	0.56292
19017.0	0.57335
19224.0	0.58706
19433.0	0.60001
19645.0	0.60709
19858.0	0.61214
20075.0	0.62383
20293.0	0.63874
20514.0	0.65147
20737.0	0.66737
20963.0	0.68453
21191.0	0.69678
21422.0	0.70533
21655.0	0.71767
21891.0	0.72992
22129.0	0.74631
22370.0	0.7632
22614.0	0.77792
22860.0	0.78889
23109.0	0.80444
23361.0	0.82038
23615.0	0.83486
23872.0	0.84874
24132.0	0.86438
24394.0	0.8805
24660.0	0.89688
24929.0	0.91631
25200.0	0.93707
25474.0	0.95346
25752.0	0.96814
26032.0	0.98734
26315.0	1.007
26602.0	1.0251
26891.0	1.0427
27184.0	1.0595
27480.0	1.0834
27779.0	1.1003
28082.0	1.1205
28387.0	1.1438
28696.0	1.1745
29009.0	1.1911
29325.0	1.2077
29644.0	1.2261
29967.0	1.255
30293.0	1.2797
30623.0	1.3006
30956.0	1.3197
31293.0	1.3412
31634.0	1.3634
31978.0	1.3861
32326.0	1.4103
32678.0	1.4367
33034.0	1.4581
33394.0	1.4834
33757.0	1.5115
34125.0	1.5374
34496.0	1.5664
34872.0	1.5891
35251.0	1.6155
35635.0	1.6435
36023.0	1.6742
36415.0	1.706
36812.0	1.7354
37212.0	1.7677
37617.0	1.8029
38027.0	1.8382
38441.0	1.8767
38859.0	1.9145
39282.0	1.9473
39710.0	1.9832
40142.0	2.0241
40579.0	2.0677
41021.0	2.1074
41468.0	2.1508
41919.0	2.1976
42376.0	2.2444
42837.0	2.2948
43303.0	2.3479
43775.0	2.4007
44251.0	2.4583
44733.0	2.5232
45220.0	2.593
45712.0	2.6615
46210.0	2.7231
46713.0	2.784
47221.0	2.8509
47736.0	2.9221
48255.0	2.9984
48781.0	3.0804
49312.0	3.1677
49848.0	3.2644
50391.0	3.3548
50940.0	3.4477
51494.0	3.5521
52055.0	3.66
52622.0	3.7679
53194.0	3.8882
53774.0	4.0147
54359.0	4.1427
54951.0	4.2781
55549.0	4.4213
56154.0	4.5696
56765.0	4.7275
57383.0	4.8937
58008.0	5.0632
58639.0	5.2482
59278.0	5.4476
59923.0	5.653
60575.0	5.8721
61235.0	6.1002
61901.0	6.3423
62575.0	6.598
63256.0	6.863
63945.0	7.1502
64641.0	7.4534
65345.0	7.7716
66056.0	8.1103
66775.0	8.4701
67502.0	8.851
68237.0	9.2548
68980.0	9.6811
69731.0	10.13
70490.0	10.61
71258.0	11.119
72033.0	11.659
72818.0	12.229
73610.0	12.833
74412.0	13.474
75222.0	14.154
76041.0	14.874
76869.0	15.639
77705.0	16.446
78551.0	17.289
79406.0	18.187
80271.0	19.145
81145.0	20.154
82028.0	21.215
82921.0	22.332
83824.0	23.512
84736.0	24.748
85659.0	26.05
86592.0	27.422
87534.0	28.856
88487.0	30.367
89450.0	31.946
90424.0	33.595
91409.0	35.318
92404.0	37.12
93410.0	38.99
94427.0	40.932
95455.0	42.939
96494.0	45.007
97544.0	47.138
98606.0	49.336
99680.0	51.6
100770.0	53.92
101860.0	56.279
102970.0	58.671
104090.0	61.094
105230.0	63.539
106370.0	66.002
107530.0	68.461
108700.0	70.905
109880.0	73.333
111080.0	75.733
112290.0	78.092
113510.0	80.386
114750.0	82.598
116000.0	84.72
117260.0	86.753
118540.0	88.681
119830.0	90.489
121130.0	92.163
122450.0	93.695
123780.0	95.072
125130.0	96.288
126490.0	97.339
127870.0	98.226
129260.0	98.94
130670.0	99.471
132090.0	99.822
133530.0	99.99
134980.0	99.987
136450.0	99.8
137940.0	99.445
139440.0	98.913
140960.0	98.224
142490.0	97.378
144040.0	96.372
145610.0	95.223
147200.0	93.937
148800.0	92.518
150420.0	90.979
152060.0	89.327
153710.0	87.57
155380.0	85.721
157080.0	83.785
158790.0	81.763
160510.0	79.664
162260.0	77.505
164030.0	75.293
165810.0	73.03
167620.0	70.739
169440.0	68.42
171290.0	66.073
173150.0	63.708
175040.0	61.34
176940.0	58.967
178870.0	56.616
180820.0	54.283
182790.0	51.966
184780.0	49.675
186790.0	47.416
188820.0	45.207
190880.0	43.053
192950.0	40.957
195060.0	38.921
197180.0	36.959
199330.0	35.069
201500.0	33.264
203690.0	31.539
205910.0	29.892
208150.0	28.334
210410.0	26.867
212700.0	25.496
215020.0	24.22
217360.0	23.046
219730.0	21.957
222120.0	20.964
224540.0	20.065
226980.0	19.257
229450.0	18.534
231950.0	17.895
234480.0	17.339
237030.0	16.86
239610.0	16.452
242220.0	16.107
244860.0	15.83
247520.0	15.616
250220.0	15.452
252940.0	15.336
255690.0	15.267
258480.0	15.239
261290.0	15.244
264140.0	15.286
267010.0	15.355
269920.0	15.451
272860.0	15.566
275830.0	15.694
278830.0	15.835
281860.0	15.989
284930.0	16.151
288040.0	16.32
291170.0	16.497
294340.0	16.672
297540.0	16.844
300780.0	17.022
304060.0	17.194
307370.0	17.355
310720.0	17.509
314100.0	17.654
317520.0	17.788
320970.0	17.908
324470.0	18.014
328000.0	18.109
331570.0	18.183
335180.0	18.238
338830.0	18.27
342520.0	18.28
346250.0	18.269
350020.0	18.229
353830.0	18.174
357680.0	18.094
361570.0	17.982
365510.0	17.839
369490.0	17.674
373510.0	17.481
377580.0	17.264
381690.0	17.024
385840.0	16.756
390040.0	16.457
394290.0	16.14
398580.0	15.801
402920.0	15.435
407310.0	15.052
411740.0	14.652
416220.0	14.24
420760.0	13.814
425340.0	13.38
429970.0	12.94
434650.0	12.497
439380.0	12.05
444160.0	11.6
449000.0	11.152
453890.0	10.713
458830.0	10.278
463820.0	9.855
468870.0	9.4396
473980.0	9.0418
479140.0	8.6628
484350.0	8.3018
489630.0	7.9568
494960.0	7.6333
500340.0	7.329
505790.0	7.0462
511300.0	6.7804
516860.0	6.5347
522490.0	6.318
528180.0	6.125
533930.0	5.9509
539740.0	5.7982
545620.0	5.6632
551560.0	5.5461
557560.0	5.449
563630.0	5.3663
569770.0	5.306
575970.0	5.26
582240.0	5.2305
588580.0	5.2078
594990.0	5.2017
601460.0	5.2005
608010.0	5.2084
614630.0	5.2207
621320.0	5.2419
628090.0	5.2716
634920.0	5.3114
641840.0	5.3507
648820.0	5.395
655890.0	5.4396
663030.0	5.4851
670250.0	5.5335
677540.0	5.5899
684920.0	5.6444
692380.0	5.7035
699910.0	5.7607
707530.0	5.8188
715240.0	5.8791
723020.0	5.9371
730890.0	5.997
738850.0	6.0622
746890.0	6.123
755020.0	6.1819
763240.0	6.2387
771550.0	6.3
779950.0	6.3609
788440.0	6.4266
797030.0	6.4903
805700.0	6.5533
814480.0	6.6167
823340.0	6.686
832310.0	6.7557
841370.0	6.8287
850530.0	6.9063
859790.0	6.985
869150.0	7.0649
878610.0	7.1457
888170.0	7.2362
897840.0	7.3195
907620.0	7.4163
917500.0	7.5192
927490.0	7.6232
937580.0	7.7334
947790.0	7.8475
958110.0	7.9631
968540.0	8.0874
979080.0	8.2145
989740.0	8.3547
1000500.0	8.5017
1011400.0	8.649
1022400.0	8.7958
1033600.0	8.952
1044800.0	9.1197
1056200.0	9.2918
1067700.0	9.4706
1079300.0	9.6585
1091100.0	9.8462
1102900.0	10.039
1114900.0	10.243
1127100.0	10.46
1139300.0	10.681
1151700.0	10.909
1164300.0	11.146
1177000.0	11.39
1189800.0	11.636
1202700.0	11.893
1215800.0	12.163
1229100.0	12.443
1242400.0	12.731
1256000.0	13.026
1269600.0	13.342
1283500.0	13.677
1297400.0	14.029
1311600.0	14.382
1325800.0	14.751
1340300.0	15.142
1354900.0	15.55
1369600.0	15.981
1384500.0	16.436
1399600.0	16.905
1414800.0	17.392
1430200.0	17.888
1445800.0	18.403
1461500.0	18.933
1477400.0	19.474
1493500.0	20.019
1509800.0	20.568
1526200.0	21.109
1542800.0	21.639
1559600.0	22.15
1576600.0	22.632
1593800.0	23.071
1611100.0	23.464
1628700.0	23.801
1646400.0	24.078
1664300.0	24.283
1682400.0	24.406
1700800.0	24.446
1719300.0	24.398
1738000.0	24.249
1756900.0	24.006
1776000.0	23.668
1795400.0	23.245
1814900.0	22.733
1834700.0	22.141
1854700.0	21.473
1874800.0	20.74
1895300.0	19.953
1915900.0	19.115
1936700.0	18.234
1957800.0	17.324
1979100.0	16.397
2000700.0	15.456
2022500.0	14.516
2044500.0	13.588
2066700.0	12.67
2089200.0	11.775
2112000.0	10.911
2135000.0	10.078
2158200.0	9.2847
2181700.0	8.5339
2205500.0	7.8265
2229500.0	7.1667
2253800.0	6.5585
2278300.0	5.9947
2303100.0	5.4729
2328200.0	5.0015
2353500.0	4.5742
2379100.0	4.183
2405000.0	3.8339
2431200.0	3.5263
2457700.0	3.2541
2484400.0	3.017
2511500.0	2.8045
2538800.0	2.6148
2566500.0	2.4517
2594400.0	2.3086
2622700.0	2.1821
2651200.0	2.0765
2680100.0	1.9846
2709200.0	1.9057
2738700.0	1.8385
2768600.0	1.7786
2798700.0	1.7269
2829200.0	1.6781
2860000.0	1.6363
2891100.0	1.6008
2922600.0	1.5697
2954400.0	1.5381
2986500.0	1.5078
3019100.0	1.4805
3051900.0	1.457
3085200.0	1.4366
3118700.0	1.414
3152700.0	1.3883
3187000.0	1.3641
3221700.0	1.3404
3256800.0	1.3184
3292200.0	1.299
3328100.0	1.2811
3364300.0	1.2623
3400900.0	1.2358
3438000.0	1.211
3475400.0	1.1867
3513200.0	1.1628
3551500.0	1.14
3590100.0	1.1132
3629200.0	1.0878
3668700.0	1.0633
3708700.0	1.038
3749000.0	1.0102
3789900.0	0.98059
3831100.0	0.95376
3872800.0	0.9272
3915000.0	0.90036
3957600.0	0.87328
4000700.0	0.85041
4044200.0	0.82641
4088300.0	0.80148
4132800.0	0.77556
4177800.0	0.74769
4223300.0	0.72116
4269200.0	0.69483
4315700.0	0.66758
4362700.0	0.63817
4410200.0	0.60723
4458200.0	0.57963
4506700.0	0.55313
4555800.0	0.52624
4605400.0	0.49838
4655500.0	0.47284
4706200.0	0.44677
4757400.0	0.41972
4809200.0	0.39186
4861600.0	0.36514
4914500.0	0.34063
4968000.0	0.31831
5022100.0	0.29763
5076800.0	0.27628
5132100.0	0.25626
5187900.0	0.23623
5244400.0	0.21757
5301500.0	0.20275
5359200.0	0.19023
5417600.0	0.17416
5476500.0	0.15861
5536200.0	0.1456
5596400.0	0.13193
5657300.0	0.12186
5718900.0	0.11133
5781200.0	0.10135
5844100.0	0.094972
5907800.0	0.087831
5972100.0	0.081226
6037100.0	0.074203
6102800.0	0.066441
6169200.0	0.059678
6236400.0	0.055512
6304300.0	0.050744
6372900.0	0.045656
6442300.0	0.041963
6512400.0	0.039026
6583300.0	0.036636
6655000.0	0.033208
6727500.0	0.028126
6800700.0	0.024048
6874700.0	0.020615
6949600.0	0.018154
7025200.0	0.016071
7101700.0	0.013145
7179000.0	0.01097
7257200.0	0.0082791
7336200.0	0.0053525
7416100.0	0.0025182
7496800.0	0.00035923
7578400.0	0.002358
7660900.0	0.0035076
7744300.0	0.0036664
7828600.0	0.0049607
7913900.0	0.0058813
