100.000000	0.000000
105.956018	0.000000
112.266777	0.000000
118.953407	0.000000
126.038293	0.000000
133.545156	0.000000
141.499130	0.000000
149.926843	0.000000
158.856513	0.000000
168.318035	0.000000
178.343088	0.000000
188.965234	0.000000
200.220037	0.000000
212.145178	0.000000
224.780583	0.000000
238.168555	0.000000
252.353917	0.000000
267.384162	0.000000
283.309610	0.000000
300.183581	0.000000
318.062569	0.000000
337.006433	0.000000
357.078596	0.000000
378.346262	0.000000
400.880633	0.000000
424.757155	0.000000
450.055768	0.000000
476.861170	0.000000
505.263107	0.000000
535.356668	0.000000
567.242607	0.000000
601.027678	0.000000
636.824994	0.000000
674.754405	0.000000
714.942899	0.000000
757.525026	0.000000
802.643352	0.000000
850.448934	0.000000
901.101825	0.000000
954.771611	0.000000
1011.637980	0.000000
1071.891319	0.000000
1135.733358	0.000000
1203.377841	0.000000
1275.051241	0.000000
1350.993521	0.000000
1431.458938	0.000000
1516.716888	0.000000
1607.052818	0.000000
1702.769172	0.000000
1804.186409	0.000000
1911.644075	0.000000
2025.501939	0.000000
2146.141198	0.000000
2273.965752	0.000000
2409.403560	0.000000
2552.908068	0.000000
2704.959730	0.000000
2866.067617	0.000000
3036.771118	0.000000
3217.641750	0.000000
3409.285070	0.000000
3612.342700	0.000000
3827.494479	0.000001
4055.460736	0.000001
4297.004704	0.000001
4552.935075	0.000002
4824.108704	0.000003
5111.433483	0.000004
5415.871378	0.000006
5738.441648	0.000008
6080.224262	0.000012
6442.363509	0.000017
6826.071834	0.000023
7232.633896	0.000032
7663.410868	0.000044
8119.844993	0.000060
8603.464417	0.000081
9115.888300	0.000110
9658.832241	0.000148
10234.114021	0.000199
10843.659687	0.000265
11489.510002	0.000351
12173.827277	0.000462
12898.902613	0.000606
13667.163565	0.000790
14481.182277	0.001025
15343.684089	0.001322
16257.556664	0.001697
17225.859654	0.002166
18251.834943	0.002750
19338.917505	0.003473
20490.746898	0.004363
21711.179457	0.005452
23004.301198	0.006775
24374.441501	0.008375
25826.187607	0.010298
27364.399971	0.012595
28994.228539	0.015321
30721.129989	0.018539
32550.885998	0.022312
34489.622604	0.026711
36543.830710	0.031806
38720.387818	0.037671
41026.581058	0.044380
43470.131581	0.052004
46059.220411	0.060614
48802.515837	0.070272
51709.202429	0.081034
54789.011796	0.092947
58052.255161	0.106042
61509.857886	0.120337
65173.396049	0.135830
69055.135202	0.152501
73168.071434	0.170305
77525.974886	0.189173
82143.435849	0.209010
87035.913615	0.229696
92219.788233	0.251084
97712.415353	0.272999
103532.184330	0.295244
109698.579789	0.317598
116232.246868	0.339824
123155.060329	0.361665
130490.197801	0.382858
138262.217376	0.403131
146497.139831	0.422213
155222.535743	0.439841
164467.617799	0.455761
174263.338601	0.469739
184642.494290	0.481564
195639.834352	0.491053
207292.177960	0.498059
219638.537242	0.502471
232720.247896	0.504218
246581.107582	0.503273
261267.522556	0.499651
276828.663039	0.493410
293316.627839	0.484648
310786.618778	0.473503
329297.125510	0.460147
348910.121341	0.444783
369691.270720	0.427639
391710.149081	0.408964
415040.475785	0.389018
439760.360930	0.368071
465952.566866	0.346396
493704.785284	0.324258
523109.930806	0.301916
554266.452066	0.279614
587278.661319	0.257579
622257.083673	0.236015
659318.827133	0.215102
698587.974679	0.194998
740195.999692	0.175829
784282.206134	0.157700
830994.194935	0.140685
880488.358164	0.124837
932930.402628	0.110183
988495.904663	0.096731
1047370.897959	0.084468
1109752.496412	0.073367
1175849.554052	0.063384
1245883.364295	0.054468
1320088.400831	0.046557
1398713.102647	0.039582
1482020.705799	0.033473
1570290.124729	0.028156
1663816.886076	0.023557
1762914.118096	0.019604
1867913.599021	0.016227
1979166.867854	0.013361
2097046.401323	0.010942
2221946.860940	0.008913
2354286.414322	0.007222
2494508.135230	0.005820
2643081.486974	0.004666
2800503.894184	0.003720
2967302.408189	0.002950
3144035.471592	0.002327
3331294.787935	0.001826
3529707.302731	0.001425
3739937.302479	0.001107
3962688.638701	0.000854
4198707.084444	0.000656
4448782.831128	0.000501
4713753.134117	0.000381
4994505.115855	0.000288
5291978.735958	0.000216
5607169.938205	0.000162
5941133.984965	0.000120
6294988.990222	0.000089
6669919.663030	0.000066
7067181.273927	0.000048
7488103.857590	0.000035
7934096.665797	0.000025
8406652.885618	0.000018
8907354.638610	0.000013
9437878.277775	0.000009
10000000.000000	0.000007
